your_version = 'JI\_8x4Kernel';
 
% number of repeats:% 3
% enter first, last, inc:% 48 960 48 
data = [
%  n          reference      |         current implementation 
%        time       GFLOPS   |    time       GFLOPS     diff 
   960 4.9776e-02 3.5548e+01    1.4469e-01 1.2230e+01 9.6634e-13
   912 4.1565e-02 3.6499e+01    1.1283e-01 1.3446e+01 1.1084e-12
   864 3.5295e-02 3.6547e+01    1.0029e-01 1.2863e+01 8.8107e-13
   816 2.9797e-02 3.6470e+01    8.0353e-02 1.3524e+01 8.2423e-13
   768 2.4630e-02 3.6783e+01    8.1204e-02 1.1157e+01 7.3896e-13
   720 2.0077e-02 3.7181e+01    5.5858e-02 1.3364e+01 7.1054e-13
   672 1.6466e-02 3.6860e+01    4.7629e-02 1.2743e+01 6.5370e-13
   624 1.3525e-02 3.5929e+01    3.7160e-02 1.3077e+01 5.4001e-13
   576 1.0586e-02 3.6103e+01    3.3129e-02 1.1537e+01 5.1159e-13
   528 8.2508e-03 3.5681e+01    2.3172e-02 1.2705e+01 4.5475e-13
   480 6.0442e-03 3.6594e+01    1.7098e-02 1.2936e+01 3.2685e-13
   432 4.4414e-03 3.6304e+01    1.2466e-02 1.2934e+01 2.8422e-13
   384 3.2422e-03 3.4928e+01    9.8233e-03 1.1528e+01 2.1316e-13
   336 2.1859e-03 3.4708e+01    5.7355e-03 1.3228e+01 1.7053e-13
   288 1.4306e-03 3.3395e+01    3.5505e-03 1.3456e+01 1.1369e-13
   240 8.0083e-04 3.4524e+01    2.0607e-03 1.3417e+01 4.2633e-14
   192 4.2662e-04 3.3182e+01    9.4926e-04 1.4913e+01 2.8422e-14
   144 1.9521e-04 3.0593e+01    2.6360e-04 2.2656e+01 2.8422e-14
    96 6.8410e-05 2.5866e+01    7.3192e-05 2.4176e+01 1.4211e-14
    48 1.4251e-05 1.5521e+01    8.2710e-06 2.6742e+01 5.3291e-15
];

% Maximum difference between reference and your implementation: 1.108447e-12.
