your_version = 'JI\_12x4Kernel';
 
% number of repeats:% 3
% enter first, last, inc:% 48 1968 48 
data = [
%  n          reference      |         current implementation 
%        time       GFLOPS   |    time       GFLOPS     diff 
  1968 4.0452e-01 3.7685e+01    2.1993e+00 6.9314e+00 3.0127e-12
  1920 3.7507e-01 3.7742e+01    1.8845e+00 7.5117e+00 2.9559e-12
  1872 3.4905e-01 3.7589e+01    1.6336e+00 8.0315e+00 2.7285e-12
  1824 3.2390e-01 3.7471e+01    1.3313e+00 9.1162e+00 2.7285e-12
  1776 2.9613e-01 3.7834e+01    1.1762e+00 9.5256e+00 2.6148e-12
  1728 2.7221e-01 3.7911e+01    8.1234e-01 1.2703e+01 2.6716e-12
  1680 2.5199e-01 3.7633e+01    7.1602e-01 1.3244e+01 2.4443e-12
  1632 2.3093e-01 3.7645e+01    6.2490e-01 1.3912e+01 2.5011e-12
  1584 2.1184e-01 3.7522e+01    5.6150e-01 1.4156e+01 2.1600e-12
  1536 1.9642e-01 3.6900e+01    5.2252e-01 1.3871e+01 2.2169e-12
  1488 1.7484e-01 3.7687e+01    4.5274e-01 1.4554e+01 2.1600e-12
  1440 1.5885e-01 3.7595e+01    4.2616e-01 1.4013e+01 1.9895e-12
  1392 1.4470e-01 3.7280e+01    3.6788e-01 1.4664e+01 1.8758e-12
  1344 1.3012e-01 3.7315e+01    3.4250e-01 1.4176e+01 1.8190e-12
  1296 1.1755e-01 3.7037e+01    2.9061e-01 1.4981e+01 1.7621e-12
  1248 1.0339e-01 3.7599e+01    2.7669e-01 1.4050e+01 1.5916e-12
  1200 9.2444e-02 3.7385e+01    2.2864e-01 1.5116e+01 1.6485e-12
  1152 8.1874e-02 3.7346e+01    2.1102e-01 1.4490e+01 1.5348e-12
  1104 7.2634e-02 3.7051e+01    1.7348e-01 1.5513e+01 1.2506e-12
  1056 6.3592e-02 3.7036e+01    1.6104e-01 1.4625e+01 1.2506e-12
  1008 5.4954e-02 3.7274e+01    1.2979e-01 1.5782e+01 1.1937e-12
   960 4.7565e-02 3.7201e+01    1.2153e-01 1.4560e+01 1.1084e-12
   912 4.1132e-02 3.6884e+01    9.5307e-02 1.5918e+01 9.3792e-13
   864 3.4848e-02 3.7016e+01    8.0307e-02 1.6063e+01 8.8107e-13
   816 2.9502e-02 3.6834e+01    6.7072e-02 1.6202e+01 7.6739e-13
   768 2.4096e-02 3.7599e+01    6.0560e-02 1.4960e+01 7.9581e-13
   720 1.9809e-02 3.7685e+01    4.5870e-02 1.6274e+01 6.5370e-13
   672 1.6258e-02 3.7331e+01    3.8156e-02 1.5906e+01 6.5370e-13
   624 1.3097e-02 3.7103e+01    3.0882e-02 1.5735e+01 5.6843e-13
   576 1.0402e-02 3.6745e+01    2.7156e-02 1.4075e+01 5.1159e-13
   528 8.1019e-03 3.6337e+01    1.7838e-02 1.6504e+01 3.6948e-13
   480 5.9682e-03 3.7061e+01    1.3943e-02 1.5864e+01 2.9843e-13
   432 4.4098e-03 3.6565e+01    1.0325e-02 1.5616e+01 2.7001e-13
   384 3.1692e-03 3.5734e+01    7.9827e-03 1.4186e+01 2.1316e-13
   336 2.1652e-03 3.5040e+01    4.8328e-03 1.5698e+01 1.7053e-13
   288 1.4009e-03 3.4103e+01    2.9698e-03 1.6087e+01 1.1369e-13
   240 7.9783e-04 3.4654e+01    1.7712e-03 1.5610e+01 4.2633e-14
   192 4.2335e-04 3.3437e+01    8.1922e-04 1.7280e+01 2.8422e-14
   144 1.9381e-04 3.0814e+01    2.2803e-04 2.6190e+01 2.8422e-14
    96 6.7064e-05 2.6385e+01    6.2359e-05 2.8376e+01 1.0658e-14
    48 1.3850e-05 1.5970e+01    7.1730e-06 3.0836e+01 5.3291e-15
];

% Maximum difference between reference and your implementation: 3.012701e-12.
