your_version = 'GemmFiveLoops\_12x4';
 
% number of repeats:% 3
% enter first, last, inc:% 48 1968 48 
data = [
%  n          reference      |         current implementation 
%        time       GFLOPS   |    time       GFLOPS     diff 
  1968 4.1006e-01 3.7175e+01    7.4219e-01 2.0540e+01 3.0127e-12
  1920 3.8028e-01 3.7224e+01    7.8842e-01 1.7955e+01 2.9559e-12
  1872 3.5461e-01 3.7000e+01    6.4424e-01 2.0366e+01 2.7285e-12
  1824 3.2825e-01 3.6975e+01    5.6948e-01 2.1312e+01 2.7285e-12
  1776 3.0024e-01 3.7316e+01    5.2901e-01 2.1179e+01 2.6148e-12
  1728 2.7590e-01 3.7404e+01    4.6599e-01 2.2145e+01 2.6716e-12
  1680 2.5514e-01 3.7169e+01    4.1227e-01 2.3002e+01 2.4443e-12
  1632 2.3389e-01 3.7169e+01    3.5995e-01 2.4152e+01 2.5011e-12
  1584 2.1518e-01 3.6940e+01    3.4375e-01 2.3124e+01 2.1600e-12
  1536 1.9885e-01 3.6449e+01    4.0087e-01 1.8080e+01 2.2169e-12
  1488 1.7592e-01 3.7457e+01    2.6641e-01 2.4734e+01 2.1600e-12
  1440 1.6060e-01 3.7186e+01    2.3874e-01 2.5014e+01 1.9895e-12
  1392 1.4580e-01 3.6999e+01    2.1534e-01 2.5050e+01 1.8758e-12
  1344 1.3138e-01 3.6956e+01    1.9352e-01 2.5091e+01 1.8190e-12
  1296 1.1828e-01 3.6809e+01    1.7243e-01 2.5249e+01 1.7621e-12
  1248 1.0447e-01 3.7212e+01    1.5301e-01 2.5408e+01 1.5916e-12
  1200 9.3512e-02 3.6958e+01    1.3977e-01 2.4726e+01 1.6485e-12
  1152 8.3003e-02 3.6838e+01    1.4334e-01 2.1332e+01 1.5348e-12
  1104 7.3611e-02 3.6559e+01    1.0846e-01 2.4813e+01 1.2506e-12
  1056 6.4566e-02 3.6477e+01    9.3906e-02 2.5080e+01 1.2506e-12
  1008 5.5579e-02 3.6855e+01    8.2655e-02 2.4782e+01 1.1937e-12
   960 4.8125e-02 3.6768e+01    7.0854e-02 2.4973e+01 1.1084e-12
   912 4.1521e-02 3.6538e+01    6.1548e-02 2.4649e+01 9.3792e-13
   864 3.5335e-02 3.6506e+01    5.1396e-02 2.5098e+01 8.8107e-13
   816 2.9744e-02 3.6534e+01    4.4381e-02 2.4485e+01 7.6739e-13
   768 2.4432e-02 3.7082e+01    4.3321e-02 2.0913e+01 7.9581e-13
   720 1.9994e-02 3.7336e+01    2.9499e-02 2.5306e+01 6.5370e-13
   672 1.6429e-02 3.6942e+01    2.3939e-02 2.5353e+01 6.5370e-13
   624 1.3240e-02 3.6704e+01    1.9383e-02 2.5070e+01 5.6843e-13
   576 1.0517e-02 3.6340e+01    1.6031e-02 2.3842e+01 5.1159e-13
   528 8.2108e-03 3.5855e+01    1.1342e-02 2.5956e+01 3.6948e-13
   480 6.0185e-03 3.6750e+01    8.7574e-03 2.5257e+01 2.9843e-13
   432 4.4368e-03 3.6342e+01    6.5251e-03 2.4711e+01 2.7001e-13
   384 3.1923e-03 3.5475e+01    5.3485e-03 2.1174e+01 2.1316e-13
   336 2.1794e-03 3.4811e+01    2.9772e-03 2.5482e+01 1.7053e-13
   288 1.4154e-03 3.3755e+01    1.7929e-03 2.6648e+01 1.1369e-13
   240 7.9997e-04 3.4561e+01    1.0108e-03 2.7352e+01 4.2633e-14
   192 4.2307e-04 3.3460e+01    5.1615e-04 2.7426e+01 2.8422e-14
   144 1.9544e-04 3.0557e+01    2.1580e-04 2.7674e+01 2.8422e-14
    96 6.8151e-05 2.5964e+01    6.2600e-05 2.8266e+01 1.0658e-14
    48 1.4192e-05 1.5585e+01    7.4830e-06 2.9558e+01 5.3291e-15
];

% Maximum difference between reference and your implementation: 3.012701e-12.
