your_version = 'JI\_4x4Kernel';
 
% number of repeats:% 3
% enter first, last, inc:% 48 960 48 
data = [
%  n          reference      |         current implementation 
%        time       GFLOPS   |    time       GFLOPS     diff 
   960 4.9332e-02 3.5868e+01    2.0489e-01 8.6362e+00 9.6634e-13
   912 4.0856e-02 3.7133e+01    1.3675e-01 1.1094e+01 1.1084e-12
   864 3.4702e-02 3.7172e+01    1.3305e-01 9.6950e+00 8.8107e-13
   816 2.9404e-02 3.6956e+01    9.7215e-02 1.1178e+01 8.2423e-13
   768 2.4125e-02 3.7553e+01    1.0566e-01 8.5741e+00 7.3896e-13
   720 1.9791e-02 3.7718e+01    6.6578e-02 1.1212e+01 7.1054e-13
   672 1.6697e-02 3.6349e+01    6.1525e-02 9.8647e+00 6.5370e-13
   624 1.3246e-02 3.6685e+01    4.6249e-02 1.0507e+01 5.4001e-13
   576 1.0418e-02 3.6688e+01    4.3139e-02 8.8599e+00 5.1159e-13
   528 8.1218e-03 3.6248e+01    2.6558e-02 1.1085e+01 4.5475e-13
   480 5.9777e-03 3.7001e+01    1.9902e-02 1.1114e+01 3.2685e-13
   432 4.4169e-03 3.6506e+01    1.4210e-02 1.1347e+01 2.8422e-13
   384 3.1787e-03 3.5627e+01    1.3100e-02 8.6447e+00 2.1316e-13
   336 2.1656e-03 3.5033e+01    6.6690e-03 1.1376e+01 1.7053e-13
   288 1.4013e-03 3.4095e+01    4.1803e-03 1.1429e+01 1.1369e-13
   240 7.9634e-04 3.4719e+01    2.4070e-03 1.1486e+01 4.2633e-14
   192 4.2387e-04 3.3396e+01    1.1855e-03 1.1940e+01 2.8422e-14
   144 1.9591e-04 3.0484e+01    3.8107e-04 1.5672e+01 2.8422e-14
    96 6.8274e-05 2.5917e+01    1.1318e-04 1.5634e+01 1.4211e-14
    48 1.4116e-05 1.5669e+01    1.3480e-05 1.6408e+01 5.3291e-15
];

% Maximum difference between reference and your implementation: 1.108447e-12.
