your_version = 'GemmFiveLoops\_12x4';
 
% number of repeats:% 3
% enter first, last, inc:% 48 960 48 
data = [
%  n          reference      |         current implementation 
%        time       GFLOPS   |    time       GFLOPS     diff 
   960 4.8254e-02 3.6670e+01    7.2495e-02 2.4408e+01 9.6634e-13
   912 4.1275e-02 3.6756e+01    6.0989e-02 2.4875e+01 1.1084e-12
   864 3.4942e-02 3.6917e+01    5.1685e-02 2.4958e+01 8.8107e-13
   816 2.9690e-02 3.6601e+01    4.4335e-02 2.4510e+01 8.2423e-13
   768 2.4420e-02 3.7099e+01    4.4632e-02 2.0299e+01 7.3896e-13
   720 1.9919e-02 3.7476e+01    2.9534e-02 2.5276e+01 7.1054e-13
   672 1.6329e-02 3.7169e+01    2.3987e-02 2.5302e+01 6.5370e-13
   624 1.3165e-02 3.6911e+01    1.9439e-02 2.4998e+01 5.4001e-13
   576 1.0469e-02 3.6509e+01    1.5984e-02 2.3911e+01 5.1159e-13
   528 8.1562e-03 3.6095e+01    1.1373e-02 2.5886e+01 4.5475e-13
   480 5.9997e-03 3.6866e+01    8.7295e-03 2.5338e+01 3.2685e-13
   432 4.4298e-03 3.6399e+01    6.4435e-03 2.5024e+01 2.8422e-13
   384 3.2053e-03 3.5331e+01    5.2702e-03 2.1488e+01 2.1316e-13
   336 2.1776e-03 3.4839e+01    2.9525e-03 2.5696e+01 1.7053e-13
   288 1.4142e-03 3.3783e+01    1.7722e-03 2.6959e+01 1.1369e-13
   240 7.9991e-04 3.4564e+01    1.0025e-03 2.7580e+01 4.2633e-14
   192 4.2668e-04 3.3177e+01    5.1174e-04 2.7662e+01 2.8422e-14
   144 1.9618e-04 3.0441e+01    2.1280e-04 2.8063e+01 2.8422e-14
    96 6.7770e-05 2.6110e+01    6.1804e-05 2.8630e+01 1.4211e-14
    48 1.3657e-05 1.6196e+01    7.2860e-06 3.0357e+01 5.3291e-15
];

% Maximum difference between reference and your implementation: 1.108447e-12.
