your_version = 'JI\_8x6Kernel';
 
% number of repeats:% 3
% enter first, last, inc:% 48 1968 48 
data = [
%  n          reference      |         current implementation 
%        time       GFLOPS   |    time       GFLOPS     diff 
  1968 4.1759e-01 3.6505e+01    2.7470e+00 5.5494e+00 3.0127e-12
  1920 3.7879e-01 3.7372e+01    2.4263e+00 5.8344e+00 2.9559e-12
  1872 3.6112e-01 3.6333e+01    1.8635e+00 7.0407e+00 2.7285e-12
  1824 3.2712e-01 3.7102e+01    1.7433e+00 6.9619e+00 2.7285e-12
  1776 2.9939e-01 3.7422e+01    1.3477e+00 8.3134e+00 2.6148e-12
  1728 2.7510e-01 3.7512e+01    1.0724e+00 9.6232e+00 2.6716e-12
  1680 2.5405e-01 3.7328e+01    9.6007e-01 9.8777e+00 2.4443e-12
  1632 2.3293e-01 3.7322e+01    7.7434e-01 1.1227e+01 2.5011e-12
  1584 2.1353e-01 3.7226e+01    6.1152e-01 1.2998e+01 2.1600e-12
  1536 1.9855e-01 3.6504e+01    5.8593e-01 1.2370e+01 2.2169e-12
  1488 1.7553e-01 3.7540e+01    4.8092e-01 1.3701e+01 2.1600e-12
  1440 1.5996e-01 3.7334e+01    4.8305e-01 1.2363e+01 1.9895e-12
  1392 1.4851e-01 3.6325e+01    3.5082e-01 1.5377e+01 1.8758e-12
  1344 1.3505e-01 3.5952e+01    3.7389e-01 1.2986e+01 1.8190e-12
  1296 1.2037e-01 3.6169e+01    2.8885e-01 1.5072e+01 1.7621e-12
  1248 1.0410e-01 3.7343e+01    3.1525e-01 1.2332e+01 1.5916e-12
  1200 9.3001e-02 3.7161e+01    2.3562e-01 1.4668e+01 1.6485e-12
  1152 8.2703e-02 3.6971e+01    2.3074e-01 1.3251e+01 1.5348e-12
  1104 7.3181e-02 3.6774e+01    1.7783e-01 1.5133e+01 1.2506e-12
  1056 6.4138e-02 3.6720e+01    1.8550e-01 1.2696e+01 1.2506e-12
  1008 5.5289e-02 3.7049e+01    1.3516e-01 1.5156e+01 1.1937e-12
   960 4.7998e-02 3.6865e+01    1.4502e-01 1.2202e+01 1.1084e-12
   912 4.1394e-02 3.6650e+01    9.9856e-02 1.5193e+01 9.3792e-13
   864 3.5118e-02 3.6732e+01    9.4070e-02 1.3713e+01 8.8107e-13
   816 2.9652e-02 3.6647e+01    7.1383e-02 1.5223e+01 7.6739e-13
   768 2.4361e-02 3.7189e+01    7.3001e-02 1.2410e+01 7.9581e-13
   720 1.9919e-02 3.7476e+01    4.9256e-02 1.5156e+01 6.5370e-13
   672 1.6361e-02 3.7096e+01    4.2735e-02 1.4202e+01 6.5370e-13
   624 1.3194e-02 3.6829e+01    3.2556e-02 1.4926e+01 5.6843e-13
   576 1.0519e-02 3.6336e+01    3.0867e-02 1.2382e+01 5.1159e-13
   528 8.1893e-03 3.5949e+01    1.9440e-02 1.5144e+01 3.6948e-13
   480 6.0074e-03 3.6819e+01    1.4827e-02 1.4917e+01 2.9843e-13
   432 4.4357e-03 3.6351e+01    1.0872e-02 1.4831e+01 2.7001e-13
   384 3.2083e-03 3.5298e+01    9.1156e-03 1.2423e+01 2.1316e-13
   336 2.1790e-03 3.4817e+01    5.0656e-03 1.4977e+01 1.7053e-13
   288 1.4145e-03 3.3776e+01    3.1334e-03 1.5247e+01 1.1369e-13
   240 8.0123e-04 3.4507e+01    1.8100e-03 1.5275e+01 4.2633e-14
   192 4.2733e-04 3.3126e+01    8.8196e-04 1.6050e+01 2.8422e-14
   144 1.9506e-04 3.0616e+01    2.3605e-04 2.5300e+01 2.8422e-14
    96 6.7378e-05 2.6262e+01    6.5999e-05 2.6811e+01 1.0658e-14
    48 1.3967e-05 1.5836e+01    7.2610e-06 3.0462e+01 5.3291e-15
];

% Maximum difference between reference and your implementation: 3.012701e-12.
