your_version = 'JI\_12x4Kernel';
 
% number of repeats:% 3
% enter first, last, inc:% 48 960 48 
data = [
%  n          reference      |         current implementation 
%        time       GFLOPS   |    time       GFLOPS     diff 
   960 4.7767e-02 3.7044e+01    1.3133e-01 1.3473e+01 9.6634e-13
   912 4.1304e-02 3.6730e+01    1.0310e-01 1.4715e+01 1.1084e-12
   864 3.4996e-02 3.6860e+01    8.6335e-02 1.4941e+01 8.8107e-13
   816 2.9446e-02 3.6904e+01    6.9171e-02 1.5710e+01 8.2423e-13
   768 2.4307e-02 3.7272e+01    6.5359e-02 1.3861e+01 7.3896e-13
   720 1.9896e-02 3.7520e+01    4.8302e-02 1.5455e+01 7.1054e-13
   672 1.6281e-02 3.7279e+01    4.0238e-02 1.5084e+01 6.5370e-13
   624 1.3137e-02 3.6991e+01    3.1574e-02 1.5391e+01 5.4001e-13
   576 1.0427e-02 3.6655e+01    2.7431e-02 1.3933e+01 5.1159e-13
   528 8.3735e-03 3.5158e+01    1.9621e-02 1.5004e+01 4.5475e-13
   480 6.1485e-03 3.5974e+01    1.4848e-02 1.4897e+01 3.2685e-13
   432 4.4408e-03 3.6309e+01    1.1161e-02 1.4447e+01 2.8422e-13
   384 3.1975e-03 3.5417e+01    8.1282e-03 1.3933e+01 2.1316e-13
   336 2.1749e-03 3.4883e+01    5.0685e-03 1.4968e+01 1.7053e-13
   288 1.4152e-03 3.3759e+01    3.4595e-03 1.3810e+01 1.1369e-13
   240 8.0158e-04 3.4492e+01    1.8506e-03 1.4940e+01 4.2633e-14
   192 4.2654e-04 3.3187e+01    8.6674e-04 1.6332e+01 2.8422e-14
   144 1.9576e-04 3.0507e+01    2.2187e-04 2.6916e+01 2.8422e-14
    96 6.7308e-05 2.6289e+01    6.2154e-05 2.8469e+01 1.4211e-14
    48 1.3764e-05 1.6070e+01    7.2120e-06 3.0669e+01 5.3291e-15
];

% Maximum difference between reference and your implementation: 1.108447e-12.
