your_version = 'GemmFiveLoops\_Pack\_12x4';
 
% number of repeats:% 3
% enter first, last, inc:% 48 960 48 
data = [
%  n          reference      |         current implementation 
%        time       GFLOPS   |    time       GFLOPS     diff 
   960 4.9244e-02 3.5933e+01    5.2630e-02 3.3621e+01 9.6634e-13
   912 4.0984e-02 3.7017e+01    5.4383e-02 2.7897e+01 1.1084e-12
   864 3.4728e-02 3.7144e+01    4.6056e-02 2.8008e+01 8.8107e-13
   816 2.9408e-02 3.6951e+01    3.9284e-02 2.7662e+01 8.2423e-13
   768 2.4103e-02 3.7587e+01    3.2202e-02 2.8134e+01 7.3896e-13
   720 1.9815e-02 3.7673e+01    2.6781e-02 2.7874e+01 7.1054e-13
   672 1.6239e-02 3.7374e+01    2.1886e-02 2.7731e+01 6.5370e-13
   624 1.3112e-02 3.7062e+01    1.7515e-02 2.7745e+01 5.4001e-13
   576 1.0399e-02 3.6756e+01    1.3882e-02 2.7533e+01 5.1159e-13
   528 8.1035e-03 3.6329e+01    1.0747e-02 2.7394e+01 4.5475e-13
   480 5.9683e-03 3.7060e+01    8.0191e-03 2.7582e+01 3.2685e-13
   432 4.4047e-03 3.6607e+01    5.9273e-03 2.7203e+01 2.8422e-13
   384 3.1780e-03 3.5635e+01    4.1441e-03 2.7327e+01 2.1316e-13
   336 2.1648e-03 3.5045e+01    2.8307e-03 2.6801e+01 1.7053e-13
   288 1.4060e-03 3.3980e+01    1.8103e-03 2.6391e+01 1.1369e-13
   240 7.9405e-04 3.4819e+01    1.0548e-03 2.6211e+01 4.2633e-14
   192 4.2264e-04 3.3493e+01    5.5577e-04 2.5471e+01 2.8422e-14
   144 1.9369e-04 3.0832e+01    2.5838e-04 2.3113e+01 2.8422e-14
    96 6.6865e-05 2.6463e+01    7.5978e-05 2.3289e+01 1.4211e-14
    48 1.3740e-05 1.6098e+01    1.0161e-05 2.1768e+01 5.3291e-15
];

% Maximum difference between reference and your implementation: 1.108447e-12.
