your_version = 'GemmFiveLoops\_Pack\_12x4';
 
% number of repeats:% 3
% enter first, last, inc:% 48 1968 48 
data = [
%  n          reference      |         current implementation 
%        time       GFLOPS   |    time       GFLOPS     diff 
  1968 4.0254e-01 3.7870e+01    5.5204e-01 2.7614e+01 3.0127e-12
  1920 3.7383e-01 3.7867e+01    4.2118e-01 3.3610e+01 2.9559e-12
  1872 3.4781e-01 3.7723e+01    3.9281e-01 3.3401e+01 2.7285e-12
  1824 3.2344e-01 3.7524e+01    3.6423e-01 3.3322e+01 2.7285e-12
  1776 2.9589e-01 3.7864e+01    3.3614e-01 3.3330e+01 2.6148e-12
  1728 2.7230e-01 3.7898e+01    3.1547e-01 3.2711e+01 2.6716e-12
  1680 2.5144e-01 3.7716e+01    2.8816e-01 3.2909e+01 2.4443e-12
  1632 2.3075e-01 3.7674e+01    2.8280e-01 3.0740e+01 2.5011e-12
  1584 2.1148e-01 3.7586e+01    2.4347e-01 3.2648e+01 2.1600e-12
  1536 1.9680e-01 3.6828e+01    2.3004e-01 3.1507e+01 2.2169e-12
  1488 1.7401e-01 3.7868e+01    2.3160e-01 2.8451e+01 2.1600e-12
  1440 1.5855e-01 3.7666e+01    1.9405e-01 3.0775e+01 1.9895e-12
  1392 1.4419e-01 3.7412e+01    1.6490e-01 3.2713e+01 1.8758e-12
  1344 1.2995e-01 3.7364e+01    1.5562e-01 3.1201e+01 1.8190e-12
  1296 1.1695e-01 3.7227e+01    1.3341e-01 3.2633e+01 1.7621e-12
  1248 1.0320e-01 3.7668e+01    1.2284e-01 3.1646e+01 1.5916e-12
  1200 9.2219e-02 3.7476e+01    1.0647e-01 3.2461e+01 1.6485e-12
  1152 8.1871e-02 3.7347e+01    9.3269e-02 3.2783e+01 1.5348e-12
  1104 7.2505e-02 3.7117e+01    8.2496e-02 3.2622e+01 1.2506e-12
  1056 6.3568e-02 3.7049e+01    7.2510e-02 3.2481e+01 1.2506e-12
  1008 5.4862e-02 3.7337e+01    6.1899e-02 3.3092e+01 1.1937e-12
   960 4.7495e-02 3.7256e+01    5.2963e-02 3.3410e+01 1.1084e-12
   912 4.0980e-02 3.7021e+01    5.2928e-02 2.8664e+01 9.3792e-13
   864 3.4784e-02 3.7084e+01    3.8470e-02 3.3532e+01 8.8107e-13
   816 2.9452e-02 3.6897e+01    3.2501e-02 3.3435e+01 7.6739e-13
   768 2.4083e-02 3.7619e+01    3.0877e-02 2.9341e+01 7.9581e-13
   720 1.9762e-02 3.7774e+01    2.2124e-02 3.3741e+01 6.5370e-13
   672 1.6224e-02 3.7408e+01    1.8113e-02 3.3508e+01 6.5370e-13
   624 1.3078e-02 3.7158e+01    1.4395e-02 3.3757e+01 5.6843e-13
   576 1.0397e-02 3.6762e+01    1.1443e-02 3.3402e+01 5.1159e-13
   528 8.1002e-03 3.6344e+01    9.8100e-03 3.0010e+01 3.6948e-13
   480 5.9785e-03 3.6997e+01    6.6216e-03 3.3403e+01 2.9843e-13
   432 4.4130e-03 3.6538e+01    4.9311e-03 3.2699e+01 2.7001e-13
   384 3.1680e-03 3.5747e+01    3.4342e-03 3.2976e+01 2.1316e-13
   336 2.1630e-03 3.5074e+01    2.3559e-03 3.2202e+01 1.7053e-13
   288 1.4004e-03 3.4116e+01    1.5183e-03 3.1467e+01 1.1369e-13
   240 8.0299e-04 3.4431e+01    8.7521e-04 3.1590e+01 4.2633e-14
   192 4.2509e-04 3.3301e+01    4.9188e-04 2.8779e+01 2.8422e-14
   144 1.9424e-04 3.0745e+01    2.0934e-04 2.8528e+01 2.8422e-14
    96 6.6919e-05 2.6442e+01    6.3903e-05 2.7690e+01 1.0658e-14
    48 1.3764e-05 1.6070e+01    9.1280e-06 2.4231e+01 5.3291e-15
];

% Maximum difference between reference and your implementation: 3.012701e-12.
