your_version = 'GemmFiveLoops\_12x4';
 
% number of repeats:% 3
% enter first, last, inc:% 48 960 48 
data = [
%  n          reference      |         current implementation 
%        time       GFLOPS   |    time       GFLOPS     diff 
   960 4.7741e-02 3.7064e+01    8.6236e-02 2.0519e+01 9.6634e-13
   912 4.1198e-02 3.6824e+01    7.9464e-02 1.9092e+01 1.1084e-12
   864 3.5038e-02 3.6815e+01    5.8477e-02 2.2059e+01 8.8107e-13
   816 2.9770e-02 3.6502e+01    5.7191e-02 1.9001e+01 8.2423e-13
   768 2.4192e-02 3.7449e+01    5.7835e-02 1.5665e+01 7.3896e-13
   720 1.9941e-02 3.7434e+01    3.6263e-02 2.0586e+01 7.1054e-13
   672 1.6435e-02 3.6929e+01    3.1441e-02 1.9304e+01 6.5370e-13
   624 1.3204e-02 3.6803e+01    2.5828e-02 1.8814e+01 5.4001e-13
   576 1.0590e-02 3.6092e+01    2.1209e-02 1.8021e+01 5.1159e-13
   528 8.2433e-03 3.5713e+01    1.6224e-02 1.8146e+01 4.5475e-13
   480 6.0025e-03 3.6849e+01    1.1532e-02 1.9180e+01 3.2685e-13
   432 4.4329e-03 3.6374e+01    8.0402e-03 2.0055e+01 2.8422e-13
   384 3.1938e-03 3.5458e+01    6.3678e-03 1.7784e+01 2.1316e-13
   336 2.1768e-03 3.4852e+01    3.6428e-03 2.0826e+01 1.7053e-13
   288 1.4097e-03 3.3891e+01    2.3029e-03 2.0745e+01 1.1369e-13
   240 8.0162e-04 3.4490e+01    1.2254e-03 2.2562e+01 4.2633e-14
   192 4.2477e-04 3.3326e+01    6.0425e-04 2.3427e+01 2.8422e-14
   144 1.9499e-04 3.0627e+01    2.2146e-04 2.6966e+01 2.8422e-14
    96 6.7029e-05 2.6399e+01    6.3597e-05 2.7823e+01 1.4211e-14
    48 1.3698e-05 1.6147e+01    7.3600e-06 3.0052e+01 5.3291e-15
];

% Maximum difference between reference and your implementation: 1.108447e-12.
