your_version = 'JI\_8x4Kernel';
 
% number of repeats:% 3
% enter first, last, inc:% 48 1968 48 
data = [
%  n          reference      |         current implementation 
%        time       GFLOPS   |    time       GFLOPS     diff 
  1968 4.1226e-01 3.6977e+01    3.2257e+00 4.7259e+00 3.0127e-12
  1920 3.8327e-01 3.6934e+01    2.9022e+00 4.8776e+00 2.9559e-12
  1872 3.6941e-01 3.5517e+01    2.1802e+00 6.0181e+00 2.7285e-12
  1824 3.3132e-01 3.6631e+01    1.9294e+00 6.2905e+00 2.7285e-12
  1776 3.0366e-01 3.6895e+01    1.3289e+00 8.4308e+00 2.6148e-12
  1728 2.7796e-01 3.7126e+01    1.2029e+00 8.5791e+00 2.6716e-12
  1680 2.6654e-01 3.5579e+01    8.4742e-01 1.1191e+01 2.4443e-12
  1632 2.3526e-01 3.6952e+01    8.4543e-01 1.0283e+01 2.5011e-12
  1584 2.1640e-01 3.6732e+01    6.2161e-01 1.2787e+01 2.1600e-12
  1536 2.0035e-01 3.6175e+01    6.6010e-01 1.0980e+01 2.2169e-12
  1488 1.7773e-01 3.7075e+01    5.1463e-01 1.2804e+01 2.1600e-12
  1440 1.6180e-01 3.6910e+01    5.4583e-01 1.0941e+01 1.9895e-12
  1392 1.4666e-01 3.6783e+01    4.1270e-01 1.3071e+01 1.8758e-12
  1344 1.3236e-01 3.6683e+01    4.3818e-01 1.1081e+01 1.8190e-12
  1296 1.1913e-01 3.6544e+01    3.3174e-01 1.3124e+01 1.7621e-12
  1248 1.0522e-01 3.6946e+01    3.5501e-01 1.0951e+01 1.5916e-12
  1200 9.6811e-02 3.5698e+01    2.3471e-01 1.4724e+01 1.6485e-12
  1152 8.6920e-02 3.5178e+01    2.7545e-01 1.1100e+01 1.5348e-12
  1104 7.3898e-02 3.6417e+01    1.9901e-01 1.3523e+01 1.2506e-12
  1056 6.4584e-02 3.6467e+01    2.0451e-01 1.1516e+01 1.2506e-12
  1008 5.6154e-02 3.6478e+01    1.5031e-01 1.3627e+01 1.1937e-12
   960 4.8294e-02 3.6640e+01    1.5826e-01 1.1181e+01 1.1084e-12
   912 4.1766e-02 3.6324e+01    1.1221e-01 1.3520e+01 9.3792e-13
   864 3.5359e-02 3.6482e+01    9.9734e-02 1.2934e+01 8.8107e-13
   816 2.9824e-02 3.6436e+01    7.2508e-02 1.4987e+01 7.6739e-13
   768 2.4434e-02 3.7079e+01    7.5114e-02 1.2061e+01 7.9581e-13
   720 1.9994e-02 3.7337e+01    4.9708e-02 1.5018e+01 6.5370e-13
   672 1.6471e-02 3.6848e+01    4.1731e-02 1.4544e+01 6.5370e-13
   624 1.3276e-02 3.6602e+01    3.3179e-02 1.4646e+01 5.6843e-13
   576 1.0532e-02 3.6288e+01    3.1023e-02 1.2320e+01 5.1159e-13
   528 8.2794e-03 3.5557e+01    2.1945e-02 1.3415e+01 3.6948e-13
   480 6.0749e-03 3.6410e+01    1.6732e-02 1.3219e+01 2.9843e-13
   432 4.4845e-03 3.5956e+01    1.2340e-02 1.3067e+01 2.7001e-13
   384 3.2260e-03 3.5104e+01    1.0177e-02 1.1127e+01 2.1316e-13
   336 2.2024e-03 3.4447e+01    5.8272e-03 1.3019e+01 1.7053e-13
   288 1.4249e-03 3.3529e+01    3.6127e-03 1.3224e+01 1.1369e-13
   240 8.2218e-04 3.3628e+01    2.0712e-03 1.3349e+01 4.2633e-14
   192 4.2950e-04 3.2959e+01    1.0030e-03 1.4114e+01 2.8422e-14
   144 1.9592e-04 3.0481e+01    2.5576e-04 2.3350e+01 2.8422e-14
    96 6.7642e-05 2.6159e+01    7.5215e-05 2.3526e+01 1.0658e-14
    48 1.3983e-05 1.5818e+01    8.3550e-06 2.6473e+01 5.3291e-15
];

% Maximum difference between reference and your implementation: 3.012701e-12.
