your_version = 'JI\_4x4Kernel';
 
% number of repeats:% 3
% enter first, last, inc:% 48 1968 48 
data = [
%  n          reference      |         current implementation 
%        time       GFLOPS   |    time       GFLOPS     diff 
  1968 4.0487e-01 3.7652e+01    3.5003e+00 4.3552e+00 3.0127e-12
  1920 3.7371e-01 3.7879e+01    3.0901e+00 4.5809e+00 2.9559e-12
  1872 3.4731e-01 3.7777e+01    2.4648e+00 5.3232e+00 2.7285e-12
  1824 3.2272e-01 3.7608e+01    2.2829e+00 5.3164e+00 2.7285e-12
  1776 2.9613e-01 3.7834e+01    1.5167e+00 7.3869e+00 2.6148e-12
  1728 2.7093e-01 3.8090e+01    1.5618e+00 6.6077e+00 2.6716e-12
  1680 2.5209e-01 3.7618e+01    1.0208e+00 9.2896e+00 2.4443e-12
  1632 2.3004e-01 3.7792e+01    1.1411e+00 7.6184e+00 2.5011e-12
  1584 2.1219e-01 3.7461e+01    8.3051e-01 9.5708e+00 2.1600e-12
  1536 1.9565e-01 3.7045e+01    9.0075e-01 8.0463e+00 2.2169e-12
  1488 1.7451e-01 3.7759e+01    6.3216e-01 1.0423e+01 2.1600e-12
  1440 1.5797e-01 3.7805e+01    7.4118e-01 8.0574e+00 1.9895e-12
  1392 1.4384e-01 3.7502e+01    5.0082e-01 1.0771e+01 1.8758e-12
  1344 1.2977e-01 3.7416e+01    5.9651e-01 8.1397e+00 1.8190e-12
  1296 1.1699e-01 3.7214e+01    4.0247e-01 1.0817e+01 1.7621e-12
  1248 1.0330e-01 3.7634e+01    4.8033e-01 8.0935e+00 1.5916e-12
  1200 9.2194e-02 3.7486e+01    3.1445e-01 1.0990e+01 1.6485e-12
  1152 8.1592e-02 3.7475e+01    3.7723e-01 8.1056e+00 1.5348e-12
  1104 7.2620e-02 3.7058e+01    2.3823e-01 1.1297e+01 1.2506e-12
  1056 6.3316e-02 3.7197e+01    2.6163e-01 9.0020e+00 1.2506e-12
  1008 5.4872e-02 3.7330e+01    1.7949e-01 1.1412e+01 1.1937e-12
   960 4.7315e-02 3.7398e+01    2.0556e-01 8.6080e+00 1.1084e-12
   912 4.0943e-02 3.7054e+01    1.3263e-01 1.1438e+01 9.3792e-13
   864 3.4672e-02 3.7204e+01    1.2519e-01 1.0304e+01 8.8107e-13
   816 2.9334e-02 3.7045e+01    9.6173e-02 1.1299e+01 7.6739e-13
   768 2.3955e-02 3.7819e+01    1.0409e-01 8.7035e+00 7.9581e-13
   720 1.9729e-02 3.7838e+01    6.4813e-02 1.1518e+01 6.5370e-13
   672 1.6191e-02 3.7486e+01    5.6426e-02 1.0756e+01 6.5370e-13
   624 1.3067e-02 3.7188e+01    4.2687e-02 1.1384e+01 5.6843e-13
   576 1.0361e-02 3.6890e+01    4.2865e-02 8.9166e+00 5.1159e-13
   528 8.0924e-03 3.6379e+01    2.5463e-02 1.1562e+01 3.6948e-13
   480 5.9502e-03 3.7173e+01    1.9324e-02 1.1446e+01 2.9843e-13
   432 4.3978e-03 3.6664e+01    1.4033e-02 1.1491e+01 2.7001e-13
   384 3.1620e-03 3.5815e+01    1.2992e-02 8.7167e+00 2.1316e-13
   336 2.1563e-03 3.5184e+01    6.5887e-03 1.1515e+01 1.7053e-13
   288 1.3975e-03 3.4188e+01    4.1087e-03 1.1628e+01 1.1369e-13
   240 7.9417e-04 3.4814e+01    2.3593e-03 1.1719e+01 4.2633e-14
   192 4.2272e-04 3.3488e+01    1.1856e-03 1.1940e+01 2.8422e-14
   144 1.9426e-04 3.0742e+01    3.9295e-04 1.5198e+01 2.8422e-14
    96 6.6581e-05 2.6576e+01    1.1276e-04 1.5693e+01 1.0658e-14
    48 1.4237e-05 1.5536e+01    1.3386e-05 1.6524e+01 5.3291e-15
];

% Maximum difference between reference and your implementation: 3.012701e-12.
