your_version = 'JI\_12x4Kernel';
 
% number of repeats:% 3
% enter first, last, inc:% 48 960 48 
data = [
%  n          reference      |         current implementation 
%        time       GFLOPS   |    time       GFLOPS     diff 
   960 4.7767e-02 3.7044e+01    1.3238e-01 1.3366e+01 9.6634e-13
   912 4.1241e-02 3.6787e+01    1.0027e-01 1.5131e+01 1.1084e-12
   864 3.4948e-02 3.6911e+01    8.8400e-02 1.4592e+01 8.8107e-13
   816 2.9531e-02 3.6798e+01    7.2233e-02 1.5044e+01 8.2423e-13
   768 2.4297e-02 3.7287e+01    6.4458e-02 1.4055e+01 7.3896e-13
   720 1.9954e-02 3.7410e+01    5.0300e-02 1.4841e+01 7.1054e-13
   672 1.6347e-02 3.7128e+01    4.1989e-02 1.4454e+01 6.5370e-13
   624 1.3170e-02 3.6897e+01    3.2918e-02 1.4762e+01 5.4001e-13
   576 1.0420e-02 3.6681e+01    2.8287e-02 1.3512e+01 5.1159e-13
   528 8.1474e-03 3.6134e+01    1.8246e-02 1.6135e+01 4.5475e-13
   480 6.0081e-03 3.6815e+01    1.4739e-02 1.5006e+01 3.2685e-13
   432 4.4338e-03 3.6367e+01    1.0918e-02 1.4769e+01 2.8422e-13
   384 3.1905e-03 3.5495e+01    8.4926e-03 1.3335e+01 2.1316e-13
   336 2.1796e-03 3.4808e+01    5.0819e-03 1.4929e+01 1.7053e-13
   288 1.4089e-03 3.3911e+01    3.0201e-03 1.5819e+01 1.1369e-13
   240 8.0530e-04 3.4333e+01    1.7392e-03 1.5897e+01 4.2633e-14
   192 4.2632e-04 3.3205e+01    8.4572e-04 1.6738e+01 2.8422e-14
   144 1.9601e-04 3.0468e+01    2.2525e-04 2.6513e+01 2.8422e-14
    96 6.7781e-05 2.6106e+01    6.2540e-05 2.8293e+01 1.4211e-14
    48 1.3852e-05 1.5968e+01    7.2610e-06 3.0462e+01 5.3291e-15
];

% Maximum difference between reference and your implementation: 1.108447e-12.
