% number of repeats:% 3
% enter nfirst, nlast, ninc:% 500 20000 500 
data_SymMatVec1( 1, 1:2 ) = [ 500 6.095390e-04 ];
data_SymMatVec2( 1, 1:3 ) = [ 500 4.038340e-04 0.000000e+00];
data_SymMatVec3( 1, 1:3 ) = [ 500 8.501790e-04 0.000000e+00];
data_SymMatVec1( 2, 1:2 ) = [ 1000 2.141366e-03 ];
data_SymMatVec2( 2, 1:3 ) = [ 1000 1.500706e-03 0.000000e+00];
data_SymMatVec3( 2, 1:3 ) = [ 1000 2.791254e-03 0.000000e+00];
data_SymMatVec1( 3, 1:2 ) = [ 1500 3.628049e-03 ];
data_SymMatVec2( 3, 1:3 ) = [ 1500 2.766608e-03 0.000000e+00];
data_SymMatVec3( 3, 1:3 ) = [ 1500 4.727346e-03 0.000000e+00];
data_SymMatVec1( 4, 1:2 ) = [ 2000 4.542922e-03 ];
data_SymMatVec2( 4, 1:3 ) = [ 2000 3.406453e-03 0.000000e+00];
data_SymMatVec3( 4, 1:3 ) = [ 2000 5.994957e-03 0.000000e+00];
data_SymMatVec1( 5, 1:2 ) = [ 2500 7.914361e-03 ];
data_SymMatVec2( 5, 1:3 ) = [ 2500 6.274373e-03 0.000000e+00];
data_SymMatVec3( 5, 1:3 ) = [ 2500 9.519327e-03 0.000000e+00];
data_SymMatVec1( 6, 1:2 ) = [ 3000 1.320873e-02 ];
data_SymMatVec2( 6, 1:3 ) = [ 3000 1.105333e-02 0.000000e+00];
data_SymMatVec3( 6, 1:3 ) = [ 3000 1.377101e-02 0.000000e+00];
data_SymMatVec1( 7, 1:2 ) = [ 3500 2.094438e-02 ];
data_SymMatVec2( 7, 1:3 ) = [ 3500 1.717345e-02 0.000000e+00];
data_SymMatVec3( 7, 1:3 ) = [ 3500 1.875703e-02 0.000000e+00];
data_SymMatVec1( 8, 1:2 ) = [ 4000 3.571552e-02 ];
data_SymMatVec2( 8, 1:3 ) = [ 4000 3.183158e-02 0.000000e+00];
data_SymMatVec3( 8, 1:3 ) = [ 4000 2.450631e-02 0.000000e+00];
data_SymMatVec1( 9, 1:2 ) = [ 4500 3.898998e-02 ];
data_SymMatVec2( 9, 1:3 ) = [ 4500 3.289966e-02 0.000000e+00];
data_SymMatVec3( 9, 1:3 ) = [ 4500 3.092193e-02 0.000000e+00];
data_SymMatVec1( 10, 1:2 ) = [ 5000 4.804984e-02 ];
data_SymMatVec2( 10, 1:3 ) = [ 5000 4.246765e-02 0.000000e+00];
data_SymMatVec3( 10, 1:3 ) = [ 5000 3.814320e-02 0.000000e+00];
data_SymMatVec1( 11, 1:2 ) = [ 5500 6.088757e-02 ];
data_SymMatVec2( 11, 1:3 ) = [ 5500 5.373921e-02 0.000000e+00];
data_SymMatVec3( 11, 1:3 ) = [ 5500 4.617542e-02 0.000000e+00];
data_SymMatVec1( 12, 1:2 ) = [ 6000 7.985058e-02 ];
data_SymMatVec2( 12, 1:3 ) = [ 6000 7.198604e-02 0.000000e+00];
data_SymMatVec3( 12, 1:3 ) = [ 6000 5.485921e-02 0.000000e+00];
data_SymMatVec1( 13, 1:2 ) = [ 6500 8.926114e-02 ];
data_SymMatVec2( 13, 1:3 ) = [ 6500 7.967717e-02 0.000000e+00];
data_SymMatVec3( 13, 1:3 ) = [ 6500 6.442599e-02 0.000000e+00];
data_SymMatVec1( 14, 1:2 ) = [ 7000 1.045817e-01 ];
data_SymMatVec2( 14, 1:3 ) = [ 7000 9.437126e-02 0.000000e+00];
data_SymMatVec3( 14, 1:3 ) = [ 7000 7.462614e-02 0.000000e+00];
data_SymMatVec1( 15, 1:2 ) = [ 7500 1.235540e-01 ];
data_SymMatVec2( 15, 1:3 ) = [ 7500 1.106724e-01 0.000000e+00];
data_SymMatVec3( 15, 1:3 ) = [ 7500 8.572935e-02 0.000000e+00];
data_SymMatVec1( 16, 1:2 ) = [ 8000 1.485205e-01 ];
data_SymMatVec2( 16, 1:3 ) = [ 8000 1.332313e-01 0.000000e+00];
data_SymMatVec3( 16, 1:3 ) = [ 8000 9.750639e-02 0.000000e+00];
data_SymMatVec1( 17, 1:2 ) = [ 8500 1.623296e-01 ];
data_SymMatVec2( 17, 1:3 ) = [ 8500 1.462504e-01 0.000000e+00];
data_SymMatVec3( 17, 1:3 ) = [ 8500 1.100498e-01 0.000000e+00];
data_SymMatVec1( 18, 1:2 ) = [ 9000 1.802613e-01 ];
data_SymMatVec2( 18, 1:3 ) = [ 9000 1.647556e-01 0.000000e+00];
data_SymMatVec3( 18, 1:3 ) = [ 9000 1.233114e-01 0.000000e+00];
data_SymMatVec1( 19, 1:2 ) = [ 9500 2.021804e-01 ];
data_SymMatVec2( 19, 1:3 ) = [ 9500 1.851791e-01 0.000000e+00];
data_SymMatVec3( 19, 1:3 ) = [ 9500 1.374209e-01 0.000000e+00];
data_SymMatVec1( 20, 1:2 ) = [ 10000 2.269050e-01 ];
data_SymMatVec2( 20, 1:3 ) = [ 10000 2.071935e-01 0.000000e+00];
data_SymMatVec3( 20, 1:3 ) = [ 10000 1.521547e-01 0.000000e+00];
data_SymMatVec1( 21, 1:2 ) = [ 10500 2.460625e-01 ];
data_SymMatVec2( 21, 1:3 ) = [ 10500 2.263697e-01 0.000000e+00];
data_SymMatVec3( 21, 1:3 ) = [ 10500 1.677748e-01 0.000000e+00];
data_SymMatVec1( 22, 1:2 ) = [ 11000 2.727617e-01 ];
data_SymMatVec2( 22, 1:3 ) = [ 11000 2.519055e-01 0.000000e+00];
data_SymMatVec3( 22, 1:3 ) = [ 11000 1.840340e-01 0.000000e+00];
data_SymMatVec1( 23, 1:2 ) = [ 11500 2.979657e-01 ];
data_SymMatVec2( 23, 1:3 ) = [ 11500 2.754695e-01 0.000000e+00];
data_SymMatVec3( 23, 1:3 ) = [ 11500 2.012655e-01 0.000000e+00];
data_SymMatVec1( 24, 1:2 ) = [ 12000 3.322703e-01 ];
data_SymMatVec2( 24, 1:3 ) = [ 12000 2.996993e-01 0.000000e+00];
data_SymMatVec3( 24, 1:3 ) = [ 12000 2.189697e-01 0.000000e+00];
data_SymMatVec1( 25, 1:2 ) = [ 12500 3.592130e-01 ];
data_SymMatVec2( 25, 1:3 ) = [ 12500 3.280885e-01 0.000000e+00];
data_SymMatVec3( 25, 1:3 ) = [ 12500 2.378185e-01 0.000000e+00];
data_SymMatVec1( 26, 1:2 ) = [ 13000 3.850462e-01 ];
data_SymMatVec2( 26, 1:3 ) = [ 13000 3.543913e-01 0.000000e+00];
data_SymMatVec3( 26, 1:3 ) = [ 13000 2.570335e-01 0.000000e+00];
data_SymMatVec1( 27, 1:2 ) = [ 13500 4.115591e-01 ];
data_SymMatVec2( 27, 1:3 ) = [ 13500 3.813857e-01 0.000000e+00];
data_SymMatVec3( 27, 1:3 ) = [ 13500 2.771900e-01 0.000000e+00];
data_SymMatVec1( 28, 1:2 ) = [ 14000 4.427649e-01 ];
data_SymMatVec2( 28, 1:3 ) = [ 14000 4.071077e-01 0.000000e+00];
data_SymMatVec3( 28, 1:3 ) = [ 14000 2.982001e-01 0.000000e+00];
data_SymMatVec1( 29, 1:2 ) = [ 14500 4.753699e-01 ];
data_SymMatVec2( 29, 1:3 ) = [ 14500 4.415750e-01 0.000000e+00];
data_SymMatVec3( 29, 1:3 ) = [ 14500 3.197582e-01 0.000000e+00];
data_SymMatVec1( 30, 1:2 ) = [ 15000 5.096675e-01 ];
data_SymMatVec2( 30, 1:3 ) = [ 15000 4.733330e-01 0.000000e+00];
data_SymMatVec3( 30, 1:3 ) = [ 15000 3.421186e-01 0.000000e+00];
data_SymMatVec1( 31, 1:2 ) = [ 15500 5.417818e-01 ];
data_SymMatVec2( 31, 1:3 ) = [ 15500 5.047112e-01 0.000000e+00];
data_SymMatVec3( 31, 1:3 ) = [ 15500 3.652964e-01 0.000000e+00];
data_SymMatVec1( 32, 1:2 ) = [ 16000 6.161930e-01 ];
data_SymMatVec2( 32, 1:3 ) = [ 16000 5.533838e-01 0.000000e+00];
data_SymMatVec3( 32, 1:3 ) = [ 16000 3.894561e-01 0.000000e+00];
data_SymMatVec1( 33, 1:2 ) = [ 16500 6.187769e-01 ];
data_SymMatVec2( 33, 1:3 ) = [ 16500 5.727773e-01 0.000000e+00];
data_SymMatVec3( 33, 1:3 ) = [ 16500 4.140993e-01 0.000000e+00];
data_SymMatVec1( 34, 1:2 ) = [ 17000 6.593770e-01 ];
data_SymMatVec2( 34, 1:3 ) = [ 17000 6.142509e-01 0.000000e+00];
data_SymMatVec3( 34, 1:3 ) = [ 17000 4.395651e-01 0.000000e+00];
data_SymMatVec1( 35, 1:2 ) = [ 17500 6.889169e-01 ];
data_SymMatVec2( 35, 1:3 ) = [ 17500 6.489907e-01 0.000000e+00];
data_SymMatVec3( 35, 1:3 ) = [ 17500 4.654960e-01 0.000000e+00];
data_SymMatVec1( 36, 1:2 ) = [ 18000 7.336212e-01 ];
data_SymMatVec2( 36, 1:3 ) = [ 18000 6.862834e-01 0.000000e+00];
data_SymMatVec3( 36, 1:3 ) = [ 18000 4.929059e-01 0.000000e+00];
data_SymMatVec1( 37, 1:2 ) = [ 18500 7.720023e-01 ];
data_SymMatVec2( 37, 1:3 ) = [ 18500 7.347198e-01 0.000000e+00];
data_SymMatVec3( 37, 1:3 ) = [ 18500 5.203139e-01 0.000000e+00];
data_SymMatVec1( 38, 1:2 ) = [ 19000 8.217074e-01 ];
data_SymMatVec2( 38, 1:3 ) = [ 19000 7.808785e-01 0.000000e+00];
data_SymMatVec3( 38, 1:3 ) = [ 19000 5.492824e-01 0.000000e+00];
data_SymMatVec1( 39, 1:2 ) = [ 19500 8.588566e-01 ];
data_SymMatVec2( 39, 1:3 ) = [ 19500 8.290196e-01 0.000000e+00];
data_SymMatVec3( 39, 1:3 ) = [ 19500 5.778188e-01 0.000000e+00];
data_SymMatVec1( 40, 1:2 ) = [ 20000 9.120350e-01 ];
data_SymMatVec2( 40, 1:3 ) = [ 20000 8.636691e-01 0.000000e+00];
data_SymMatVec3( 40, 1:3 ) = [ 20000 6.084584e-01 0.000000e+00];
