% number of repeats:% 3
% enter nfirst, nlast, ninc:% 500 6000 500 
data_SymMatVec1( 1, 1:2 ) = [ 500 4.410000e-04 ];
data_SymMatVec2( 1, 1:3 ) = [ 500 5.620000e-04 0.000000e+00];
data_SymMatVec3( 1, 1:3 ) = [ 500 4.010000e-04 0.000000e+00];
data_SymMatVec1( 2, 1:2 ) = [ 1000 1.930000e-03 ];
data_SymMatVec2( 2, 1:3 ) = [ 1000 1.793000e-03 0.000000e+00];
data_SymMatVec3( 2, 1:3 ) = [ 1000 1.833000e-03 0.000000e+00];
data_SymMatVec1( 3, 1:2 ) = [ 1500 8.723000e-03 ];
data_SymMatVec2( 3, 1:3 ) = [ 1500 8.773000e-03 0.000000e+00];
data_SymMatVec3( 3, 1:3 ) = [ 1500 4.018000e-03 0.000000e+00];
data_SymMatVec1( 4, 1:2 ) = [ 2000 1.923200e-02 ];
data_SymMatVec2( 4, 1:3 ) = [ 2000 1.794700e-02 0.000000e+00];
data_SymMatVec3( 4, 1:3 ) = [ 2000 6.440000e-03 0.000000e+00];
data_SymMatVec1( 5, 1:2 ) = [ 2500 3.140600e-02 ];
data_SymMatVec2( 5, 1:3 ) = [ 2500 3.180900e-02 0.000000e+00];
data_SymMatVec3( 5, 1:3 ) = [ 2500 9.974000e-03 0.000000e+00];
data_SymMatVec1( 6, 1:2 ) = [ 3000 5.123400e-02 ];
data_SymMatVec2( 6, 1:3 ) = [ 3000 4.920900e-02 0.000000e+00];
data_SymMatVec3( 6, 1:3 ) = [ 3000 1.450700e-02 0.000000e+00];
data_SymMatVec1( 7, 1:2 ) = [ 3500 8.058800e-02 ];
data_SymMatVec2( 7, 1:3 ) = [ 3500 7.821600e-02 0.000000e+00];
data_SymMatVec3( 7, 1:3 ) = [ 3500 1.951400e-02 0.000000e+00];
data_SymMatVec1( 8, 1:2 ) = [ 4000 1.000290e-01 ];
data_SymMatVec2( 8, 1:3 ) = [ 4000 1.104380e-01 0.000000e+00];
data_SymMatVec3( 8, 1:3 ) = [ 4000 2.628400e-02 0.000000e+00];
data_SymMatVec1( 9, 1:2 ) = [ 4500 1.400350e-01 ];
data_SymMatVec2( 9, 1:3 ) = [ 4500 1.466350e-01 0.000000e+00];
data_SymMatVec3( 9, 1:3 ) = [ 4500 3.216000e-02 0.000000e+00];
data_SymMatVec1( 10, 1:2 ) = [ 5000 1.747030e-01 ];
data_SymMatVec2( 10, 1:3 ) = [ 5000 1.724250e-01 0.000000e+00];
data_SymMatVec3( 10, 1:3 ) = [ 5000 3.952300e-02 0.000000e+00];
data_SymMatVec1( 11, 1:2 ) = [ 5500 2.159660e-01 ];
data_SymMatVec2( 11, 1:3 ) = [ 5500 2.198370e-01 0.000000e+00];
data_SymMatVec3( 11, 1:3 ) = [ 5500 4.854900e-02 0.000000e+00];
data_SymMatVec1( 12, 1:2 ) = [ 6000 2.796600e-01 ];
data_SymMatVec2( 12, 1:3 ) = [ 6000 2.535090e-01 0.000000e+00];
data_SymMatVec3( 12, 1:3 ) = [ 6000 5.687400e-02 0.000000e+00];
