% number of repeats:% 3
% enter nfirst, nlast, ninc:% 50 4000 50 
data_ref( 1, 1:2 ) = [ 50 3.767000e-06 ];
data_unb_var2( 1, 1:3 ) = [ 50 8.163500e-05 1.110223e-15];
data_unb_var4( 1, 1:3 ) = [ 50 7.651000e-05 1.332268e-15];
data_ref( 2, 1:2 ) = [ 100 3.606000e-06 ];
data_unb_var2( 2, 1:3 ) = [ 100 1.677680e-04 2.220446e-15];
data_unb_var4( 2, 1:3 ) = [ 100 1.547870e-04 3.108624e-15];
data_ref( 3, 1:2 ) = [ 150 5.349000e-06 ];
data_unb_var2( 3, 1:3 ) = [ 150 2.541630e-04 3.552714e-15];
data_unb_var4( 3, 1:3 ) = [ 150 2.254320e-04 4.440892e-15];
data_ref( 4, 1:2 ) = [ 200 6.438000e-06 ];
data_unb_var2( 4, 1:3 ) = [ 200 3.406810e-04 5.329071e-15];
data_unb_var4( 4, 1:3 ) = [ 200 2.939320e-04 6.217249e-15];
data_ref( 5, 1:2 ) = [ 250 9.217000e-06 ];
data_unb_var2( 5, 1:3 ) = [ 250 4.338380e-04 7.105427e-15];
data_unb_var4( 5, 1:3 ) = [ 250 3.597780e-04 8.881784e-15];
data_ref( 6, 1:2 ) = [ 300 9.050000e-06 ];
data_unb_var2( 6, 1:3 ) = [ 300 5.406460e-04 8.881784e-15];
data_unb_var4( 6, 1:3 ) = [ 300 4.334020e-04 1.421085e-14];
data_ref( 7, 1:2 ) = [ 350 9.177000e-06 ];
data_unb_var2( 7, 1:3 ) = [ 350 6.615480e-04 1.065814e-14];
data_unb_var4( 7, 1:3 ) = [ 350 5.083160e-04 1.776357e-14];
data_ref( 8, 1:2 ) = [ 400 9.537000e-06 ];
data_unb_var2( 8, 1:3 ) = [ 400 7.915570e-04 1.065814e-14];
data_unb_var4( 8, 1:3 ) = [ 400 5.847770e-04 1.243450e-14];
data_ref( 9, 1:2 ) = [ 450 1.126900e-05 ];
data_unb_var2( 9, 1:3 ) = [ 450 9.233650e-04 1.421085e-14];
data_unb_var4( 9, 1:3 ) = [ 450 6.601740e-04 2.131628e-14];
data_ref( 10, 1:2 ) = [ 500 1.256900e-05 ];
data_unb_var2( 10, 1:3 ) = [ 500 1.054309e-03 1.243450e-14];
data_unb_var4( 10, 1:3 ) = [ 500 7.386770e-04 2.486900e-14];
data_ref( 11, 1:2 ) = [ 550 1.426200e-05 ];
data_unb_var2( 11, 1:3 ) = [ 550 1.236792e-03 1.598721e-14];
data_unb_var4( 11, 1:3 ) = [ 550 8.215390e-04 1.776357e-14];
data_ref( 12, 1:2 ) = [ 600 1.638300e-05 ];
data_unb_var2( 12, 1:3 ) = [ 600 1.386799e-03 1.509903e-14];
data_unb_var4( 12, 1:3 ) = [ 600 9.017700e-04 2.486900e-14];
data_ref( 13, 1:2 ) = [ 650 2.020800e-05 ];
data_unb_var2( 13, 1:3 ) = [ 650 1.548023e-03 1.776357e-14];
data_unb_var4( 13, 1:3 ) = [ 650 9.767910e-04 3.197442e-14];
data_ref( 14, 1:2 ) = [ 700 2.262600e-05 ];
data_unb_var2( 14, 1:3 ) = [ 700 1.699698e-03 2.309264e-14];
data_unb_var4( 14, 1:3 ) = [ 700 1.094758e-03 3.019807e-14];
data_ref( 15, 1:2 ) = [ 750 3.119900e-05 ];
data_unb_var2( 15, 1:3 ) = [ 750 3.334333e-03 2.664535e-14];
data_unb_var4( 15, 1:3 ) = [ 750 1.513301e-03 3.907985e-14];
data_ref( 16, 1:2 ) = [ 800 3.625700e-05 ];
data_unb_var2( 16, 1:3 ) = [ 800 2.141690e-03 2.309264e-14];
data_unb_var4( 16, 1:3 ) = [ 800 1.286486e-03 3.907985e-14];
data_ref( 17, 1:2 ) = [ 850 2.958500e-05 ];
data_unb_var2( 17, 1:3 ) = [ 850 2.268624e-03 1.953993e-14];
data_unb_var4( 17, 1:3 ) = [ 850 1.365197e-03 8.171241e-14];
data_ref( 18, 1:2 ) = [ 900 3.534800e-05 ];
data_unb_var2( 18, 1:3 ) = [ 900 2.490597e-03 2.309264e-14];
data_unb_var4( 18, 1:3 ) = [ 900 1.459519e-03 4.263256e-14];
data_ref( 19, 1:2 ) = [ 950 4.270100e-05 ];
data_unb_var2( 19, 1:3 ) = [ 950 3.000623e-03 2.842171e-14];
data_unb_var4( 19, 1:3 ) = [ 950 1.569228e-03 6.039613e-14];
data_ref( 20, 1:2 ) = [ 1000 5.005900e-05 ];
data_unb_var2( 20, 1:3 ) = [ 1000 2.979194e-03 2.486900e-14];
data_unb_var4( 20, 1:3 ) = [ 1000 1.676540e-03 4.618528e-14];
data_ref( 21, 1:2 ) = [ 1050 7.438000e-05 ];
data_unb_var2( 21, 1:3 ) = [ 1050 3.275669e-03 3.552714e-14];
data_unb_var4( 21, 1:3 ) = [ 1050 1.730047e-03 5.329071e-14];
data_ref( 22, 1:2 ) = [ 1100 9.139300e-05 ];
data_unb_var2( 22, 1:3 ) = [ 1100 3.733968e-03 2.486900e-14];
data_unb_var4( 22, 1:3 ) = [ 1100 1.854411e-03 5.329071e-14];
data_ref( 23, 1:2 ) = [ 1150 1.113760e-04 ];
data_unb_var2( 23, 1:3 ) = [ 1150 4.371923e-03 3.552714e-14];
data_unb_var4( 23, 1:3 ) = [ 1150 2.016214e-03 5.684342e-14];
data_ref( 24, 1:2 ) = [ 1200 1.302940e-04 ];
data_unb_var2( 24, 1:3 ) = [ 1200 4.043952e-03 3.552714e-14];
data_unb_var4( 24, 1:3 ) = [ 1200 2.145013e-03 6.750156e-14];
data_ref( 25, 1:2 ) = [ 1250 1.870840e-04 ];
data_unb_var2( 25, 1:3 ) = [ 1250 6.054386e-03 5.062617e-14];
data_unb_var4( 25, 1:3 ) = [ 1250 2.334922e-03 4.618528e-14];
data_ref( 26, 1:2 ) = [ 1300 1.707630e-04 ];
data_unb_var2( 26, 1:3 ) = [ 1300 4.433473e-03 4.263256e-14];
data_unb_var4( 26, 1:3 ) = [ 1300 2.205063e-03 5.329071e-14];
data_ref( 27, 1:2 ) = [ 1350 1.907450e-04 ];
data_unb_var2( 27, 1:3 ) = [ 1350 4.887355e-03 4.263256e-14];
data_unb_var4( 27, 1:3 ) = [ 1350 2.321917e-03 1.136868e-13];
data_ref( 28, 1:2 ) = [ 1400 2.532080e-04 ];
data_unb_var2( 28, 1:3 ) = [ 1400 5.096688e-03 4.440892e-14];
data_unb_var4( 28, 1:3 ) = [ 1400 2.430255e-03 8.526513e-14];
data_ref( 29, 1:2 ) = [ 1450 2.811090e-04 ];
data_unb_var2( 29, 1:3 ) = [ 1450 6.005724e-03 4.618528e-14];
data_unb_var4( 29, 1:3 ) = [ 1450 2.550906e-03 5.684342e-14];
data_ref( 30, 1:2 ) = [ 1500 3.142380e-04 ];
data_unb_var2( 30, 1:3 ) = [ 1500 6.410239e-03 4.973799e-14];
data_unb_var4( 30, 1:3 ) = [ 1500 2.671971e-03 6.039613e-14];
data_ref( 31, 1:2 ) = [ 1550 3.586570e-04 ];
data_unb_var2( 31, 1:3 ) = [ 1550 7.142387e-03 4.263256e-14];
data_unb_var4( 31, 1:3 ) = [ 1550 2.785911e-03 8.881784e-14];
data_ref( 32, 1:2 ) = [ 1600 4.117330e-04 ];
data_unb_var2( 32, 1:3 ) = [ 1600 7.013199e-03 4.618528e-14];
data_unb_var4( 32, 1:3 ) = [ 1600 2.892133e-03 9.059420e-14];
data_ref( 33, 1:2 ) = [ 1650 4.012410e-04 ];
data_unb_var2( 33, 1:3 ) = [ 1650 8.411232e-03 4.263256e-14];
data_unb_var4( 33, 1:3 ) = [ 1650 3.052776e-03 8.526513e-14];
data_ref( 34, 1:2 ) = [ 1700 4.702530e-04 ];
data_unb_var2( 34, 1:3 ) = [ 1700 8.158658e-03 4.352074e-14];
data_unb_var4( 34, 1:3 ) = [ 1700 3.194795e-03 8.881784e-14];
data_ref( 35, 1:2 ) = [ 1750 4.601900e-04 ];
data_unb_var2( 35, 1:3 ) = [ 1750 1.028307e-02 4.973799e-14];
data_unb_var4( 35, 1:3 ) = [ 1750 3.368392e-03 7.815970e-14];
data_ref( 36, 1:2 ) = [ 1800 4.962250e-04 ];
data_unb_var2( 36, 1:3 ) = [ 1800 8.136044e-03 6.261658e-14];
data_unb_var4( 36, 1:3 ) = [ 1800 3.487044e-03 7.815970e-14];
data_ref( 37, 1:2 ) = [ 1850 5.362160e-04 ];
data_unb_var2( 37, 1:3 ) = [ 1850 1.105436e-02 4.973799e-14];
data_unb_var4( 37, 1:3 ) = [ 1850 3.540660e-03 1.207923e-13];
data_ref( 38, 1:2 ) = [ 1900 6.196190e-04 ];
data_unb_var2( 38, 1:3 ) = [ 1900 1.074551e-02 6.750156e-14];
data_unb_var4( 38, 1:3 ) = [ 1900 3.697479e-03 1.350031e-13];
data_ref( 39, 1:2 ) = [ 1950 6.009390e-04 ];
data_unb_var2( 39, 1:3 ) = [ 1950 1.111497e-02 6.572520e-14];
data_unb_var4( 39, 1:3 ) = [ 1950 3.809576e-03 8.881784e-14];
data_ref( 40, 1:2 ) = [ 2000 6.650140e-04 ];
data_unb_var2( 40, 1:3 ) = [ 2000 1.061906e-02 5.684342e-14];
data_unb_var4( 40, 1:3 ) = [ 2000 3.933511e-03 9.237056e-14];
data_ref( 41, 1:2 ) = [ 2050 6.937320e-04 ];
data_unb_var2( 41, 1:3 ) = [ 2050 1.032379e-02 5.329071e-14];
data_unb_var4( 41, 1:3 ) = [ 2050 4.068062e-03 8.526513e-14];
data_ref( 42, 1:2 ) = [ 2100 7.130430e-04 ];
data_unb_var2( 42, 1:3 ) = [ 2100 1.223842e-02 5.684342e-14];
data_unb_var4( 42, 1:3 ) = [ 2100 4.224196e-03 8.526513e-14];
data_ref( 43, 1:2 ) = [ 2150 7.612390e-04 ];
data_unb_var2( 43, 1:3 ) = [ 2150 1.660983e-02 6.039613e-14];
data_unb_var4( 43, 1:3 ) = [ 2150 4.299410e-03 1.083578e-13];
data_ref( 44, 1:2 ) = [ 2200 7.906960e-04 ];
data_unb_var2( 44, 1:3 ) = [ 2200 1.253290e-02 9.947598e-14];
data_unb_var4( 44, 1:3 ) = [ 2200 4.491285e-03 1.350031e-13];
data_ref( 45, 1:2 ) = [ 2250 8.189960e-04 ];
data_unb_var2( 45, 1:3 ) = [ 2250 1.906427e-02 5.950795e-14];
data_unb_var4( 45, 1:3 ) = [ 2250 4.676971e-03 1.563194e-13];
data_ref( 46, 1:2 ) = [ 2300 8.669240e-04 ];
data_unb_var2( 46, 1:3 ) = [ 2300 1.508404e-02 7.105427e-14];
data_unb_var4( 46, 1:3 ) = [ 2300 4.803153e-03 1.278977e-13];
data_ref( 47, 1:2 ) = [ 2350 8.950590e-04 ];
data_unb_var2( 47, 1:3 ) = [ 2350 1.955407e-02 6.394885e-14];
data_unb_var4( 47, 1:3 ) = [ 2350 5.064138e-03 1.350031e-13];
data_ref( 48, 1:2 ) = [ 2400 1.085873e-03 ];
