% number of repeats:% 3
% enter nfirst, nlast, ninc:% 100 1500 100 
data_ref( 1, 1:2 ) = [ 100 5.681300e-05 ];
data_unb_var1( 1, 1:3 ) = [ 100 1.330013e-03 8.881784e-15];
data_ref( 2, 1:2 ) = [ 200 3.115780e-04 ];
data_unb_var1( 2, 1:3 ) = [ 200 3.262578e-03 2.131628e-14];
data_ref( 3, 1:2 ) = [ 300 8.299050e-04 ];
data_unb_var1( 3, 1:3 ) = [ 300 6.444819e-03 3.197442e-14];
data_ref( 4, 1:2 ) = [ 400 1.449865e-03 ];
data_unb_var1( 4, 1:3 ) = [ 400 9.940324e-03 4.263256e-14];
data_ref( 5, 1:2 ) = [ 500 2.261600e-03 ];
data_unb_var1( 5, 1:3 ) = [ 500 1.410704e-02 4.618528e-14];
data_ref( 6, 1:2 ) = [ 600 3.279692e-03 ];
data_unb_var1( 6, 1:3 ) = [ 600 2.133329e-02 6.750156e-14];
data_ref( 7, 1:2 ) = [ 700 5.078152e-03 ];
data_unb_var1( 7, 1:3 ) = [ 700 3.138967e-02 8.526513e-14];
data_ref( 8, 1:2 ) = [ 800 7.430884e-03 ];
data_unb_var1( 8, 1:3 ) = [ 800 4.257855e-02 8.171241e-14];
data_ref( 9, 1:2 ) = [ 900 1.051235e-02 ];
data_unb_var1( 9, 1:3 ) = [ 900 5.930198e-02 9.237056e-14];
data_ref( 10, 1:2 ) = [ 1000 1.431379e-02 ];
data_unb_var1( 10, 1:3 ) = [ 1000 7.634537e-02 1.101341e-13];
data_ref( 11, 1:2 ) = [ 1100 1.905842e-02 ];
data_unb_var1( 11, 1:3 ) = [ 1100 1.004800e-01 1.278977e-13];
data_ref( 12, 1:2 ) = [ 1200 2.413259e-02 ];
data_unb_var1( 12, 1:3 ) = [ 1200 1.236256e-01 1.278977e-13];
data_ref( 13, 1:2 ) = [ 1300 3.062293e-02 ];
data_unb_var1( 13, 1:3 ) = [ 1300 1.567344e-01 1.705303e-13];
data_ref( 14, 1:2 ) = [ 1400 3.814092e-02 ];
data_unb_var1( 14, 1:3 ) = [ 1400 1.889001e-01 1.705303e-13];
data_ref( 15, 1:2 ) = [ 1500 4.645256e-02 ];
data_unb_var1( 15, 1:3 ) = [ 1500 2.340117e-01 1.776357e-13];
