your_version = 'Parallel\_Loop2l';
 
% number of repeats:% 3
% enter first, last, inc:% 48 2976 48 
data = [
%  n          reference      |         current implementation 
%        time       GFLOPS   |    time       GFLOPS     diff 
  2976 1.3726e+00 3.8404e+01    2.7973e-01 1.8845e+02 5.7980e-12
  2928 1.3283e+00 3.7796e+01    2.4838e-01 2.0213e+02 5.9117e-12
  2880 1.2549e+00 3.8072e+01    2.3682e-01 2.0174e+02 6.1391e-12
  2832 1.2059e+00 3.7669e+01    2.2772e-01 1.9949e+02 5.6843e-12
  2784 1.1333e+00 3.8078e+01    2.1734e-01 1.9856e+02 6.0254e-12
  2736 1.0912e+00 3.7538e+01    2.1089e-01 1.9423e+02 5.3433e-12
  2688 1.0235e+00 3.7953e+01    1.9577e-01 1.9841e+02 5.3433e-12
  2640 9.8406e-01 3.7396e+01    1.9011e-01 1.9357e+02 5.2296e-12
  2592 9.2607e-01 3.7609e+01    1.7972e-01 1.9379e+02 5.9117e-12
  2544 8.6849e-01 3.7916e+01    1.7553e-01 1.8760e+02 5.1159e-12
  2496 8.1905e-01 3.7971e+01    1.6273e-01 1.9112e+02 5.3433e-12
  2448 7.7830e-01 3.7698e+01    1.5493e-01 1.8938e+02 4.7748e-12
  2400 7.3439e-01 3.7648e+01    1.4747e-01 1.8748e+02 4.4338e-12
  2352 6.9517e-01 3.7432e+01    1.4201e-01 1.8324e+02 4.4338e-12
  2304 6.4485e-01 3.7933e+01    1.3284e-01 1.8414e+02 4.0927e-12
  2256 6.1078e-01 3.7598e+01    1.2644e-01 1.8163e+02 4.0927e-12
  2208 5.7168e-01 3.7659e+01    1.1831e-01 1.8197e+02 4.0927e-12
  2160 5.3802e-01 3.7462e+01    1.1379e-01 1.7712e+02 3.7517e-12
  2112 5.0252e-01 3.7493e+01    1.0518e-01 1.7913e+02 3.5243e-12
  2064 4.7379e-01 3.7117e+01    1.0359e-01 1.6975e+02 3.0695e-12
  2016 4.3612e-01 3.7574e+01    8.0532e-02 2.0348e+02 2.9559e-12
  1968 4.0960e-01 3.7217e+01    7.5734e-02 2.0129e+02 2.7285e-12
  1920 3.7551e-01 3.7697e+01    7.0881e-02 1.9971e+02 2.7285e-12
  1872 3.5114e-01 3.7366e+01    6.7185e-02 1.9529e+02 2.8990e-12
  1824 3.2521e-01 3.7320e+01    6.1485e-02 1.9740e+02 2.6148e-12
  1776 2.9818e-01 3.7574e+01    5.8297e-02 1.9218e+02 2.6148e-12
  1728 2.7323e-01 3.7769e+01    5.4864e-02 1.8809e+02 2.6148e-12
  1680 2.5388e-01 3.7353e+01    5.1785e-02 1.8313e+02 2.3874e-12
  1632 2.3148e-01 3.7556e+01    4.8618e-02 1.7881e+02 2.1600e-12
  1584 2.1255e-01 3.7396e+01    4.5288e-02 1.7552e+02 2.2169e-12
  1536 1.9938e-01 3.6352e+01    4.4884e-02 1.6148e+02 2.1600e-12
  1488 1.7496e-01 3.7661e+01    4.0719e-02 1.6182e+02 2.1600e-12
  1440 1.5991e-01 3.7346e+01    3.8022e-02 1.5706e+02 2.1032e-12
  1392 1.4541e-01 3.7098e+01    3.5273e-02 1.5294e+02 2.0464e-12
  1344 1.3061e-01 3.7174e+01    3.2381e-02 1.4995e+02 1.8758e-12
  1296 1.1823e-01 3.6824e+01    3.0576e-02 1.4238e+02 1.7621e-12
  1248 1.0363e-01 3.7512e+01    2.7670e-02 1.4050e+02 1.5916e-12
  1200 9.2693e-02 3.7284e+01    2.6936e-02 1.2830e+02 1.4779e-12
  1152 8.2299e-02 3.7153e+01    2.3649e-02 1.2929e+02 1.4779e-12
  1104 7.3007e-02 3.6862e+01    2.1266e-02 1.2655e+02 1.2506e-12
  1056 6.3749e-02 3.6944e+01    1.8880e-02 1.2474e+02 1.1369e-12
  1008 5.5040e-02 3.7216e+01    1.4617e-02 1.4014e+02 1.0232e-12
   960 4.7581e-02 3.7189e+01    1.2386e-02 1.4286e+02 1.0232e-12
   912 4.1081e-02 3.6929e+01    1.1176e-02 1.3575e+02 8.5265e-13
   864 3.4772e-02 3.7097e+01    9.3733e-03 1.3762e+02 8.8107e-13
   816 2.9316e-02 3.7068e+01    9.0319e-03 1.2032e+02 8.2423e-13
   768 2.4029e-02 3.7702e+01    7.4403e-03 1.2177e+02 7.9581e-13
   720 1.9885e-02 3.7540e+01    6.0924e-03 1.2253e+02 6.8212e-13
   672 1.6359e-02 3.7102e+01    5.4581e-03 1.1120e+02 6.5370e-13
   624 1.3194e-02 3.6831e+01    4.3907e-03 1.1067e+02 5.4001e-13
   576 1.0393e-02 3.6777e+01    3.6879e-03 1.0364e+02 4.8317e-13
   528 8.1379e-03 3.6176e+01    2.8336e-03 1.0390e+02 4.2633e-13
   480 5.9734e-03 3.7028e+01    1.9925e-03 1.1101e+02 3.2685e-13
   432 4.4257e-03 3.6433e+01    1.5480e-03 1.0416e+02 2.8422e-13
   384 3.1910e-03 3.5489e+01    1.0362e-03 1.0929e+02 2.1316e-13
   336 2.1722e-03 3.4926e+01    7.6650e-04 9.8978e+01 1.7053e-13
   288 1.4032e-03 3.4048e+01    5.0904e-04 9.3855e+01 9.9476e-14
   240 8.0316e-04 3.4424e+01    2.9299e-04 9.4367e+01 5.6843e-14
   192 4.5658e-04 3.1004e+01    1.9467e-04 7.2717e+01 2.8422e-14
   144 3.1682e-04 1.8849e+01    9.1908e-05 6.4978e+01 2.8422e-14
    96 1.0766e-04 1.6436e+01    4.1066e-05 4.3088e+01 1.0658e-14
    48 2.3002e-05 9.6159e+00    1.2853e-05 1.7209e+01 7.1054e-15
];

% Maximum difference between reference and your implementation: 6.139089e-12.
