your_version = 'Parallel\_Loop3';
 
% number of repeats:% 3
% enter first, last, inc:

% number of threads = 8

% 48 2976 48 
data = [
%  n          reference      |         current implementation 
%        time       GFLOPS   |    time       GFLOPS     diff 
  2976 1.3742e+00 3.8360e+01    4.2316e-01 1.2457e+02 5.7980e-12
  2928 1.3154e+00 3.8168e+01    4.0764e-01 1.2316e+02 5.9117e-12
  2880 1.2556e+00 3.8050e+01    2.7238e-01 1.7540e+02 6.1391e-12
  2832 1.2049e+00 3.7702e+01    2.6436e-01 1.7184e+02 5.6843e-12
  2784 1.1328e+00 3.8096e+01    2.5478e-01 1.6938e+02 6.0254e-12
  2736 1.0802e+00 3.7919e+01    2.5063e-01 1.6343e+02 5.3433e-12
  2688 1.0195e+00 3.8099e+01    2.3695e-01 1.6393e+02 5.3433e-12
  2640 9.7609e-01 3.7701e+01    2.2839e-01 1.6113e+02 5.2296e-12
  2592 9.2094e-01 3.7818e+01    2.2007e-01 1.5826e+02 5.9117e-12
  2544 8.6111e-01 3.8240e+01    2.1166e-01 1.5558e+02 5.1159e-12
  2496 8.1624e-01 3.8102e+01    2.0264e-01 1.5348e+02 5.3433e-12
  2448 7.7469e-01 3.7874e+01    1.9411e-01 1.5115e+02 4.7748e-12
  2400 7.3130e-01 3.7807e+01    1.8619e-01 1.4850e+02 4.4338e-12
  2352 6.9274e-01 3.7564e+01    1.7891e-01 1.4545e+02 4.4338e-12
  2304 6.4495e-01 3.7927e+01    1.7241e-01 1.4188e+02 4.0927e-12
  2256 6.0803e-01 3.7768e+01    1.6536e-01 1.3887e+02 4.0927e-12
  2208 5.6915e-01 3.7827e+01    1.5849e-01 1.3584e+02 4.0927e-12
  2160 5.3503e-01 3.7672e+01    1.5061e-01 1.3383e+02 3.7517e-12
  2112 5.0046e-01 3.7648e+01    1.4480e-01 1.3012e+02 3.5243e-12
  2064 4.7166e-01 3.7285e+01    1.3865e-01 1.2684e+02 3.0695e-12
  2016 4.3443e-01 3.7721e+01    1.2907e-01 1.2696e+02 2.9559e-12
  1968 4.0397e-01 3.7736e+01    1.0199e-01 1.4947e+02 2.7285e-12
  1920 3.7230e-01 3.8023e+01    9.2953e-02 1.5229e+02 2.7285e-12
  1872 3.4832e-01 3.7668e+01    9.3899e-02 1.3973e+02 2.8990e-12
  1824 3.2236e-01 3.7650e+01    8.4840e-02 1.4306e+02 2.6148e-12
  1776 2.9526e-01 3.7945e+01    9.1461e-02 1.2250e+02 2.6148e-12
  1728 2.7082e-01 3.8104e+01    7.6364e-02 1.3514e+02 2.6148e-12
  1680 2.5086e-01 3.7803e+01    7.2992e-02 1.2992e+02 2.3874e-12
  1632 2.2965e-01 3.7855e+01    6.8601e-02 1.2672e+02 2.1600e-12
  1584 2.1477e-01 3.7010e+01    6.3085e-02 1.2600e+02 2.2169e-12
  1536 1.9303e-01 3.7547e+01    5.8750e-02 1.2337e+02 2.1600e-12
  1488 1.7338e-01 3.8006e+01    5.6508e-02 1.1661e+02 2.1600e-12
  1440 1.5835e-01 3.7715e+01    3.4515e-02 1.7303e+02 2.1032e-12
  1392 1.4382e-01 3.7509e+01    3.5898e-02 1.5027e+02 2.0464e-12
  1344 1.2960e-01 3.7466e+01    3.1975e-02 1.5185e+02 1.8758e-12
  1296 1.1656e-01 3.7350e+01    3.0724e-02 1.4170e+02 1.7621e-12
  1248 1.0271e-01 3.7850e+01    2.7765e-02 1.4002e+02 1.5916e-12
  1200 9.1889e-02 3.7611e+01    2.8493e-02 1.2129e+02 1.4779e-12
  1152 8.1485e-02 3.7524e+01    2.5435e-02 1.2021e+02 1.4779e-12
  1104 7.2082e-02 3.7335e+01    2.3731e-02 1.1340e+02 1.2506e-12
  1056 6.3317e-02 3.7197e+01    2.2638e-02 1.0404e+02 1.1369e-12
  1008 5.8319e-02 3.5124e+01    2.0262e-02 1.0109e+02 1.0232e-12
   960 4.7202e-02 3.7487e+01    1.8257e-02 9.6921e+01 1.0232e-12
   912 4.0564e-02 3.7400e+01    1.8167e-02 8.3509e+01 8.5265e-13
   864 3.4448e-02 3.7447e+01    1.7749e-02 7.2678e+01 8.8107e-13
   816 2.9179e-02 3.7241e+01    1.5977e-02 6.8016e+01 8.2423e-13
   768 2.4024e-02 3.7711e+01    1.3752e-02 6.5879e+01 7.9581e-13
   720 1.9769e-02 3.7762e+01    1.2370e-02 6.0348e+01 6.8212e-13
   672 1.6247e-02 3.7357e+01    1.0014e-02 6.0607e+01 6.5370e-13
   624 1.3104e-02 3.7084e+01    8.9973e-03 5.4009e+01 5.4001e-13
   576 1.0370e-02 3.6857e+01    7.8761e-03 4.8527e+01 4.8317e-13
   528 8.0724e-03 3.6469e+01    6.7112e-03 4.3867e+01 4.2633e-13
   480 5.9475e-03 3.7190e+01    5.0906e-03 4.3449e+01 3.2685e-13
   432 4.3987e-03 3.6657e+01    3.9171e-03 4.1164e+01 2.8422e-13
   384 3.1595e-03 3.5843e+01    2.8569e-03 3.9639e+01 2.1316e-13
   336 2.1537e-03 3.5225e+01    1.8666e-03 4.0643e+01 1.7053e-13
   288 1.3945e-03 3.4261e+01    1.1146e-03 4.2865e+01 9.9476e-14
   240 7.9667e-04 3.4704e+01    7.4848e-04 3.6939e+01 5.6843e-14
   192 4.4567e-04 3.1763e+01    5.0811e-04 2.7860e+01 2.8422e-14
   144 2.0735e-04 2.8801e+01    2.2377e-04 2.6688e+01 2.8422e-14
    96 7.1440e-05 2.4769e+01    7.1598e-05 2.4714e+01 1.0658e-14
    48 1.5288e-05 1.4468e+01    1.3333e-05 1.6589e+01 7.1054e-15
];

% Maximum difference between reference and your implementation: 6.139089e-12.
