your_version = 'Parallel\_Loop2';
 
% number of repeats:% 3
% enter first, last, inc:

% number of threads = 8

% 48 2976 48 
data = [
%  n          reference      |         current implementation 
%        time       GFLOPS   |    time       GFLOPS     diff 
  2976 1.3883e+00 3.7970e+01    2.9192e-01 1.8058e+02 5.7980e-12
  2928 1.3259e+00 3.7864e+01    2.8486e-01 1.7624e+02 5.9117e-12
  2880 1.2629e+00 3.7831e+01    2.6618e-01 1.7949e+02 6.1391e-12
  2832 1.2140e+00 3.7419e+01    2.5499e-01 1.7815e+02 5.6843e-12
  2784 1.1388e+00 3.7894e+01    2.4787e-01 1.7411e+02 6.0254e-12
  2736 1.0944e+00 3.7428e+01    2.4074e-01 1.7015e+02 5.3433e-12
  2688 1.0281e+00 3.7781e+01    2.1898e-01 1.7738e+02 5.3433e-12
  2640 9.7643e-01 3.7688e+01    2.1026e-01 1.7502e+02 5.2296e-12
  2592 9.2811e-01 3.7526e+01    2.0422e-01 1.7054e+02 5.9117e-12
  2544 8.6897e-01 3.7895e+01    1.8979e-01 1.7350e+02 5.1159e-12
  2496 8.2133e-01 3.7866e+01    1.8131e-01 1.7153e+02 5.3433e-12
  2448 7.7764e-01 3.7730e+01    1.7273e-01 1.6986e+02 4.7748e-12
  2400 7.3530e-01 3.7601e+01    1.6203e-01 1.7064e+02 4.4338e-12
  2352 6.9550e-01 3.7415e+01    1.5424e-01 1.6871e+02 4.4338e-12
  2304 6.5105e-01 3.7572e+01    1.4577e-01 1.6781e+02 4.0927e-12
  2256 6.1059e-01 3.7610e+01    1.3759e-01 1.6690e+02 4.0927e-12
  2208 5.7272e-01 3.7591e+01    1.2910e-01 1.6677e+02 4.0927e-12
  2160 5.3892e-01 3.7399e+01    1.2194e-01 1.6529e+02 3.7517e-12
  2112 5.0208e-01 3.7526e+01    1.1430e-01 1.6484e+02 3.5243e-12
  2064 4.7750e-01 3.6829e+01    1.0890e-01 1.6149e+02 3.0695e-12
  2016 4.3723e-01 3.7480e+01    9.0821e-02 1.8043e+02 2.9559e-12
  1968 4.0568e-01 3.7577e+01    9.5325e-02 1.5992e+02 2.7285e-12
  1920 3.7586e-01 3.7662e+01    8.8858e-02 1.5931e+02 2.7285e-12
  1872 3.4994e-01 3.7494e+01    8.3521e-02 1.5709e+02 2.8990e-12
  1824 3.2494e-01 3.7351e+01    7.7599e-02 1.5640e+02 2.6148e-12
  1776 2.9661e-01 3.7772e+01    7.2031e-02 1.5554e+02 2.6148e-12
  1728 2.7321e-01 3.7771e+01    7.1186e-02 1.4497e+02 2.6148e-12
  1680 2.5197e-01 3.7637e+01    6.2241e-02 1.5236e+02 2.3874e-12
  1632 2.3144e-01 3.7563e+01    6.0520e-02 1.4365e+02 2.1600e-12
  1584 2.1239e-01 3.7425e+01    5.5785e-02 1.4249e+02 2.2169e-12
  1536 1.9543e-01 3.7087e+01    4.9747e-02 1.4569e+02 2.1600e-12
  1488 1.7469e-01 3.7719e+01    4.9456e-02 1.3324e+02 2.1600e-12
  1440 1.5920e-01 3.7512e+01    4.3608e-02 1.3695e+02 2.1032e-12
  1392 1.4505e-01 3.7191e+01    4.1803e-02 1.2904e+02 2.0464e-12
  1344 1.3008e-01 3.7326e+01    3.8507e-02 1.2609e+02 1.8758e-12
  1296 1.1747e-01 3.7061e+01    3.5447e-02 1.2282e+02 1.7621e-12
  1248 1.0340e-01 3.7597e+01    3.3056e-02 1.1760e+02 1.5916e-12
  1200 9.2419e-02 3.7395e+01    3.0360e-02 1.1383e+02 1.4779e-12
  1152 8.2185e-02 3.7204e+01    2.7732e-02 1.1026e+02 1.4779e-12
  1104 7.2652e-02 3.7042e+01    2.5637e-02 1.0497e+02 1.2506e-12
  1056 6.3757e-02 3.6940e+01    2.2822e-02 1.0320e+02 1.1369e-12
  1008 5.5029e-02 3.7223e+01    1.8990e-02 1.0787e+02 1.0232e-12
   960 4.7540e-02 3.7221e+01    1.7118e-02 1.0337e+02 1.0232e-12
   912 4.0970e-02 3.7030e+01    1.4721e-02 1.0306e+02 8.5265e-13
   864 3.4727e-02 3.7146e+01    1.2854e-02 1.0035e+02 8.8107e-13
   816 2.9326e-02 3.7055e+01    1.1000e-02 9.8788e+01 8.2423e-13
   768 2.4272e-02 3.7326e+01    9.8782e-03 9.1714e+01 7.9581e-13
   720 1.9863e-02 3.7581e+01    8.2798e-03 9.0159e+01 6.8212e-13
   672 1.6303e-02 3.7228e+01    6.6045e-03 9.1896e+01 6.5370e-13
   624 1.3163e-02 3.6918e+01    5.5215e-03 8.8009e+01 5.4001e-13
   576 1.0420e-02 3.6682e+01    4.5623e-03 8.3774e+01 4.8317e-13
   528 8.1342e-03 3.6193e+01    3.6993e-03 7.9581e+01 4.2633e-13
   480 5.9846e-03 3.6959e+01    2.5388e-03 8.7122e+01 3.2685e-13
   432 4.4127e-03 3.6541e+01    1.8507e-03 8.7126e+01 2.8422e-13
   384 3.1826e-03 3.5583e+01    1.2309e-03 9.2004e+01 2.1316e-13
   336 2.1628e-03 3.5078e+01    8.9294e-04 8.4962e+01 1.7053e-13
   288 1.4014e-03 3.4092e+01    5.8302e-04 8.1945e+01 9.9476e-14
   240 7.9872e-04 3.4615e+01    3.7048e-04 7.4627e+01 5.6843e-14
   192 4.5427e-04 3.1162e+01    2.0367e-04 6.9505e+01 2.8422e-14
   144 2.0878e-04 2.8605e+01    1.0475e-04 5.7014e+01 2.8422e-14
    96 7.1924e-05 2.4602e+01    3.9154e-05 4.5193e+01 1.0658e-14
    48 1.5243e-05 1.4511e+01    1.0692e-05 2.0687e+01 7.1054e-15
];

% Maximum difference between reference and your implementation: 6.139089e-12.
