your_version = 'Parallel\_Loop2l';
 
% number of repeats:% 3
% enter first, last, inc:

% number of threads = 4

% 48 2976 48 
data = [
%  n          reference      |         current implementation 
%        time       GFLOPS   |    time       GFLOPS     diff 
  2976 1.3713e+00 3.8441e+01    4.9130e-01 1.0730e+02 5.7980e-12
  2928 1.3123e+00 3.8258e+01    4.7480e-01 1.0574e+02 5.9117e-12
  2880 1.2466e+00 3.8324e+01    4.4546e-01 1.0725e+02 6.1391e-12
  2832 1.1963e+00 3.7974e+01    4.2811e-01 1.0611e+02 5.6843e-12
  2784 1.1232e+00 3.8422e+01    4.0468e-01 1.0664e+02 6.0254e-12
  2736 1.0795e+00 3.7944e+01    3.9159e-01 1.0460e+02 5.3433e-12
  2688 1.0191e+00 3.8116e+01    3.6548e-01 1.0628e+02 5.3433e-12
  2640 9.6349e-01 3.8194e+01    3.4885e-01 1.0549e+02 5.2296e-12
  2592 9.1584e-01 3.8029e+01    3.3056e-01 1.0536e+02 5.9117e-12
  2544 8.6042e-01 3.8271e+01    3.1067e-01 1.0599e+02 5.1159e-12
  2496 8.1329e-01 3.8240e+01    2.9677e-01 1.0480e+02 5.3433e-12
  2448 7.7281e-01 3.7966e+01    2.8397e-01 1.0332e+02 4.7748e-12
  2400 7.2640e-01 3.8062e+01    2.6670e-01 1.0367e+02 4.4338e-12
  2352 6.8989e-01 3.7719e+01    2.5162e-01 1.0342e+02 4.4338e-12
  2304 6.4306e-01 3.8039e+01    2.3573e-01 1.0377e+02 4.0927e-12
  2256 6.0279e-01 3.8096e+01    2.2160e-01 1.0363e+02 4.0927e-12
  2208 5.6530e-01 3.8085e+01    2.0908e-01 1.0297e+02 4.0927e-12
  2160 5.3212e-01 3.7878e+01    1.9546e-01 1.0312e+02 3.7517e-12
  2112 4.9919e-01 3.7744e+01    1.8361e-01 1.0262e+02 3.5243e-12
  2064 4.7057e-01 3.7371e+01    1.7407e-01 1.0103e+02 3.0695e-12
  2016 4.3150e-01 3.7977e+01    1.5277e-01 1.0727e+02 2.9559e-12
  1968 4.0032e-01 3.8080e+01    1.6172e-01 9.4261e+01 2.7285e-12
  1920 3.7113e-01 3.8143e+01    1.5100e-01 9.3748e+01 2.7285e-12
  1872 3.5888e-01 3.6559e+01    2.2975e-01 5.7107e+01 2.8990e-12
  1824 3.2284e-01 3.7594e+01    1.3186e-01 9.2045e+01 2.6148e-12
  1776 2.9636e-01 3.7804e+01    1.2184e-01 9.1952e+01 2.6148e-12
  1728 2.7215e-01 3.7918e+01    1.1298e-01 9.1336e+01 2.6148e-12
  1680 2.5119e-01 3.7753e+01    1.0354e-01 9.1590e+01 2.3874e-12
  1632 2.3070e-01 3.7683e+01    1.0005e-01 8.6893e+01 2.1600e-12
  1584 2.1142e-01 3.7597e+01    8.7791e-02 9.0541e+01 2.2169e-12
  1536 1.9474e-01 3.7218e+01    8.1011e-02 8.9467e+01 2.1600e-12
  1488 1.7392e-01 3.7887e+01    7.3533e-02 8.9610e+01 2.1600e-12
  1440 1.5855e-01 3.7667e+01    6.7341e-02 8.8682e+01 2.1032e-12
  1392 1.4465e-01 3.7294e+01    6.0851e-02 8.8651e+01 2.0464e-12
  1344 1.2962e-01 3.7458e+01    5.5288e-02 8.7820e+01 1.8758e-12
  1296 1.1693e-01 3.7232e+01    5.0801e-02 8.5699e+01 1.7621e-12
  1248 1.0326e-01 3.7649e+01    4.7442e-02 8.1943e+01 1.5916e-12
  1200 9.2117e-02 3.7518e+01    4.4727e-02 7.7268e+01 1.4779e-12
  1152 8.2002e-02 3.7287e+01    3.8994e-02 7.8413e+01 1.4779e-12
  1104 7.2257e-02 3.7244e+01    3.8466e-02 6.9962e+01 1.2506e-12
  1056 6.3507e-02 3.7085e+01    3.4059e-02 6.9149e+01 1.1369e-12
  1008 5.4783e-02 3.7391e+01    2.9126e-02 7.0327e+01 1.0232e-12
   960 4.7324e-02 3.7391e+01    2.6405e-02 6.7014e+01 1.0232e-12
   912 4.0749e-02 3.7230e+01    2.3572e-02 6.4360e+01 8.5265e-13
   864 3.4608e-02 3.7273e+01    2.0349e-02 6.3392e+01 8.8107e-13
   816 2.9225e-02 3.7183e+01    1.8301e-02 5.9377e+01 8.2423e-13
   768 2.4231e-02 3.7389e+01    1.6777e-02 5.4001e+01 7.9581e-13
   720 1.9811e-02 3.7681e+01    1.3321e-02 5.6039e+01 6.8212e-13
   672 1.6271e-02 3.7300e+01    1.1400e-02 5.3240e+01 6.5370e-13
   624 1.3137e-02 3.6991e+01    9.5989e-03 5.0625e+01 5.4001e-13
   576 1.0389e-02 3.6788e+01    7.7798e-03 4.9128e+01 4.8317e-13
   528 8.0956e-03 3.6365e+01    6.0401e-03 4.8740e+01 4.2633e-13
   480 5.9721e-03 3.7036e+01    4.7118e-03 4.6943e+01 3.2685e-13
   432 4.4152e-03 3.6520e+01    3.3431e-03 4.8232e+01 2.8422e-13
   384 3.1732e-03 3.5688e+01    2.2136e-03 5.1158e+01 2.1316e-13
   336 2.1580e-03 3.5156e+01    1.4617e-03 5.1902e+01 1.7053e-13
   288 1.3979e-03 3.4176e+01    9.4849e-04 5.0370e+01 9.9476e-14
   240 7.9658e-04 3.4709e+01    5.6301e-04 4.9108e+01 5.6843e-14
   192 4.5422e-04 3.1165e+01    3.0800e-04 4.5960e+01 2.8422e-14
   144 2.0851e-04 2.8641e+01    1.4351e-04 4.1614e+01 2.8422e-14
    96 7.1966e-05 2.4588e+01    5.0686e-05 3.4910e+01 1.0658e-14
    48 1.5203e-05 1.4549e+01    1.0899e-05 2.0294e+01 7.1054e-15
];

% Maximum difference between reference and your implementation: 6.139089e-12.
