your_version = 'Parallel\_Loop2';
 
% number of repeats:% 3
% enter first, last, inc:

% number of threads = 4

% 48 2976 48 
data = [
%  n          reference      |         current implementation 
%        time       GFLOPS   |    time       GFLOPS     diff 
  2976 1.3855e+00 3.8048e+01    4.9576e-01 1.0633e+02 5.7980e-12
  2928 1.3268e+00 3.7838e+01    4.8184e-01 1.0419e+02 5.9117e-12
  2880 1.2622e+00 3.7852e+01    4.5187e-01 1.0573e+02 6.1391e-12
  2832 1.2083e+00 3.7595e+01    4.3152e-01 1.0527e+02 5.6843e-12
  2784 1.1372e+00 3.7949e+01    4.0949e-01 1.0539e+02 6.0254e-12
  2736 1.0872e+00 3.7678e+01    3.9470e-01 1.0378e+02 5.3433e-12
  2688 1.0258e+00 3.7868e+01    3.6848e-01 1.0542e+02 5.3433e-12
  2640 9.7677e-01 3.7675e+01    3.5132e-01 1.0475e+02 5.2296e-12
  2592 9.2378e-01 3.7702e+01    3.3475e-01 1.0404e+02 5.9117e-12
  2544 8.6919e-01 3.7885e+01    3.1615e-01 1.0416e+02 5.1159e-12
  2496 8.2263e-01 3.7806e+01    3.0082e-01 1.0339e+02 5.3433e-12
  2448 7.7949e-01 3.7640e+01    2.8587e-01 1.0263e+02 4.7748e-12
  2400 7.3309e-01 3.7714e+01    2.6845e-01 1.0299e+02 4.4338e-12
  2352 6.9652e-01 3.7360e+01    2.5469e-01 1.0217e+02 4.4338e-12
  2304 6.5373e-01 3.7418e+01    2.4118e-01 1.0142e+02 4.0927e-12
  2256 6.1195e-01 3.7526e+01    2.2501e-01 1.0206e+02 4.0927e-12
  2208 5.7109e-01 3.7699e+01    2.1235e-01 1.0139e+02 4.0927e-12
  2160 5.3635e-01 3.7579e+01    1.9886e-01 1.0135e+02 3.7517e-12
  2112 5.0274e-01 3.7477e+01    1.8663e-01 1.0096e+02 3.5243e-12
  2064 4.7402e-01 3.7099e+01    1.7676e-01 9.9488e+01 3.0695e-12
  2016 4.3587e-01 3.7597e+01    1.5439e-01 1.0614e+02 2.9559e-12
  1968 4.0533e-01 3.7609e+01    1.6268e-01 9.3707e+01 2.7285e-12
  1920 3.7553e-01 3.7695e+01    1.5204e-01 9.3107e+01 2.7285e-12
  1872 3.5094e-01 3.7386e+01    1.4185e-01 9.2497e+01 2.8990e-12
  1824 3.2476e-01 3.7371e+01    1.3100e-01 9.2651e+01 2.6148e-12
  1776 2.9636e-01 3.7805e+01    1.2163e-01 9.2111e+01 2.6148e-12
  1728 2.7257e-01 3.7860e+01    1.1226e-01 9.1929e+01 2.6148e-12
  1680 2.5189e-01 3.7648e+01    1.0413e-01 9.1067e+01 2.3874e-12
  1632 2.3217e-01 3.7444e+01    9.6859e-02 8.9754e+01 2.1600e-12
  1584 2.1299e-01 3.7319e+01    8.8280e-02 9.0040e+01 2.2169e-12
  1536 1.9609e-01 3.6962e+01    8.1796e-02 8.8608e+01 2.1600e-12
  1488 1.7516e-01 3.7620e+01    7.3985e-02 8.9062e+01 2.1600e-12
  1440 1.5993e-01 3.7342e+01    6.7581e-02 8.8367e+01 2.1032e-12
  1392 1.4555e-01 3.7062e+01    6.2708e-02 8.6025e+01 2.0464e-12
  1344 1.3085e-01 3.7106e+01    5.5778e-02 8.7049e+01 1.8758e-12
  1296 1.1787e-01 3.6935e+01    5.0346e-02 8.6473e+01 1.7621e-12
  1248 1.0341e-01 3.7592e+01    4.6475e-02 8.3648e+01 1.5916e-12
  1200 9.2661e-02 3.7297e+01    4.3320e-02 7.9778e+01 1.4779e-12
  1152 8.2456e-02 3.7082e+01    4.0275e-02 7.5919e+01 1.4779e-12
  1104 7.2861e-02 3.6935e+01    3.7986e-02 7.0846e+01 1.2506e-12
  1056 6.3915e-02 3.6848e+01    3.3678e-02 6.9931e+01 1.1369e-12
  1008 5.5091e-02 3.7182e+01    2.9155e-02 7.0259e+01 1.0232e-12
   960 4.7707e-02 3.7090e+01    2.6166e-02 6.7625e+01 1.0232e-12
   912 4.2444e-02 3.5743e+01    2.3510e-02 6.4531e+01 8.5265e-13
   864 3.5865e-02 3.5967e+01    2.0553e-02 6.2761e+01 8.8107e-13
   816 2.9448e-02 3.6902e+01    1.8840e-02 5.7679e+01 8.2423e-13
   768 2.4420e-02 3.7099e+01    1.6033e-02 5.6507e+01 7.9581e-13
   720 1.9949e-02 3.7420e+01    1.4074e-02 5.3040e+01 6.8212e-13
   672 1.6381e-02 3.7051e+01    1.1938e-02 5.0839e+01 6.5370e-13
   624 1.3207e-02 3.6793e+01    9.4912e-03 5.1199e+01 5.4001e-13
   576 1.0486e-02 3.6449e+01    7.6365e-03 5.0050e+01 4.8317e-13
   528 8.1733e-03 3.6019e+01    6.1592e-03 4.7797e+01 4.2633e-13
   480 6.0185e-03 3.6751e+01    4.6181e-03 4.7895e+01 3.2685e-13
   432 4.4352e-03 3.6355e+01    3.3410e-03 4.8262e+01 2.8422e-13
   384 3.1897e-03 3.5503e+01    2.2007e-03 5.1459e+01 2.1316e-13
   336 2.1781e-03 3.4832e+01    1.4492e-03 5.2351e+01 1.7053e-13
   288 1.4108e-03 3.3864e+01    9.2175e-04 5.1832e+01 9.9476e-14
   240 8.0432e-04 3.4374e+01    5.4312e-04 5.0906e+01 5.6843e-14
   192 4.5683e-04 3.0987e+01    2.9856e-04 4.7414e+01 2.8422e-14
   144 2.0935e-04 2.8527e+01    1.4035e-04 4.2549e+01 2.8422e-14
    96 7.2285e-05 2.4479e+01    4.9979e-05 3.5404e+01 1.0658e-14
    48 1.5313e-05 1.4444e+01    1.1199e-05 1.9750e+01 7.1054e-15
];

% Maximum difference between reference and your implementation: 6.139089e-12.
