your_version = 'Parallel\_Loop3l';
 
% number of repeats:% 3
% enter first, last, inc:

% number of threads = 4

% 48 2976 48 
data = [
%  n          reference      |         current implementation 
%        time       GFLOPS   |    time       GFLOPS     diff 
  2976 1.3707e+00 3.8457e+01    6.3829e-01 8.2587e+01 5.7980e-12
  2928 1.3148e+00 3.8183e+01    6.2269e-01 8.0626e+01 5.9117e-12
  2880 1.2457e+00 3.8352e+01    5.1593e-01 9.2602e+01 6.1391e-12
  2832 1.1956e+00 3.7993e+01    5.0086e-01 9.0697e+01 5.6843e-12
  2784 1.1228e+00 3.8434e+01    4.8233e-01 8.9474e+01 6.0254e-12
  2736 1.0798e+00 3.7936e+01    4.7040e-01 8.7079e+01 5.3433e-12
  2688 1.0150e+00 3.8270e+01    4.4922e-01 8.6468e+01 5.3433e-12
  2640 9.6588e-01 3.8100e+01    4.3347e-01 8.4895e+01 5.2296e-12
  2592 9.1402e-01 3.8105e+01    4.1782e-01 8.3357e+01 5.9117e-12
  2544 8.5787e-01 3.8385e+01    4.0184e-01 8.1946e+01 5.1159e-12
  2496 8.1012e-01 3.8390e+01    3.6639e-01 8.4882e+01 5.3433e-12
  2448 7.9610e-01 3.6855e+01    3.5614e-01 8.2385e+01 4.7748e-12
  2400 7.2569e-01 3.8099e+01    3.4120e-01 8.1031e+01 4.4338e-12
  2352 6.8674e-01 3.7892e+01    3.2648e-01 7.9705e+01 4.4338e-12
  2304 6.4205e-01 3.8099e+01    3.0866e-01 7.9250e+01 4.0927e-12
  2256 6.0364e-01 3.8043e+01    2.9445e-01 7.7990e+01 4.0927e-12
  2208 5.7470e-01 3.7461e+01    2.8261e-01 7.6180e+01 4.0927e-12
  2160 5.4965e-01 3.6670e+01    2.2045e-01 9.1427e+01 3.7517e-12
  2112 4.9627e-01 3.7966e+01    2.1140e-01 8.9127e+01 3.5243e-12
  2064 4.7923e-01 3.6695e+01    2.0314e-01 8.6569e+01 3.0695e-12
  2016 4.3126e-01 3.7998e+01    1.8984e-01 8.6320e+01 2.9559e-12
  1968 4.0009e-01 3.8102e+01    1.6147e-01 9.4411e+01 2.7285e-12
  1920 3.7035e-01 3.8222e+01    1.3299e-01 1.0644e+02 2.7285e-12
  1872 3.4649e-01 3.7867e+01    1.2841e-01 1.0217e+02 2.8990e-12
  1824 3.1979e-01 3.7952e+01    1.2131e-01 1.0005e+02 2.6148e-12
  1776 2.9311e-01 3.8223e+01    1.1912e-01 9.4054e+01 2.6148e-12
  1728 2.6895e-01 3.8369e+01    1.0966e-01 9.4104e+01 2.6148e-12
  1680 2.5844e-01 3.6695e+01    1.0402e-01 9.1172e+01 2.3874e-12
  1632 2.3665e-01 3.6736e+01    9.8560e-02 8.8204e+01 2.1600e-12
  1584 2.0947e-01 3.7947e+01    9.3246e-02 8.5245e+01 2.2169e-12
  1536 1.9236e-01 3.7678e+01    8.6114e-02 8.4164e+01 2.1600e-12
  1488 1.7246e-01 3.8208e+01    8.4675e-02 7.7819e+01 2.1600e-12
  1440 1.6184e-01 3.6900e+01    5.2871e-02 1.1295e+02 2.1032e-12
  1392 1.4359e-01 3.7569e+01    5.1267e-02 1.0522e+02 2.0464e-12
  1344 1.2846e-01 3.7798e+01    4.6704e-02 1.0396e+02 1.8758e-12
  1296 1.1552e-01 3.7688e+01    4.5656e-02 9.5355e+01 1.7621e-12
  1248 1.0349e-01 3.7564e+01    4.2435e-02 9.1611e+01 1.5916e-12
  1200 9.4262e-02 3.6664e+01    4.0832e-02 8.4640e+01 1.4779e-12
  1152 8.1019e-02 3.7740e+01    3.7666e-02 8.1177e+01 1.4779e-12
  1104 7.4141e-02 3.6298e+01    3.7232e-02 7.2280e+01 1.2506e-12
  1056 6.4695e-02 3.6404e+01    3.4087e-02 6.9093e+01 1.1369e-12
  1008 5.5943e-02 3.6616e+01    3.1982e-02 6.4048e+01 1.0232e-12
   960 4.6901e-02 3.7728e+01    2.9135e-02 6.0733e+01 1.0232e-12
   912 4.1881e-02 3.6224e+01    2.7778e-02 5.4615e+01 8.5265e-13
   864 3.5388e-02 3.6451e+01    2.1345e-02 6.0432e+01 8.8107e-13
   816 2.9949e-02 3.6284e+01    1.9213e-02 5.6559e+01 8.2423e-13
   768 2.4354e-02 3.7200e+01    1.4361e-02 6.3085e+01 7.9581e-13
   720 2.0054e-02 3.7225e+01    1.1611e-02 6.4294e+01 6.8212e-13
   672 1.6392e-02 3.7027e+01    1.0084e-02 6.0186e+01 6.5370e-13
   624 1.3274e-02 3.6608e+01    9.1024e-03 5.3386e+01 5.4001e-13
   576 1.0585e-02 3.6107e+01    7.8664e-03 4.8587e+01 4.8317e-13
   528 8.2048e-03 3.5881e+01    7.0699e-03 4.1641e+01 4.2633e-13
   480 6.0423e-03 3.6606e+01    5.0729e-03 4.3601e+01 3.2685e-13
   432 4.4592e-03 3.6160e+01    3.8928e-03 4.1420e+01 2.8422e-13
   384 3.2283e-03 3.5080e+01    2.8911e-03 3.9170e+01 2.1316e-13
   336 2.1864e-03 3.4699e+01    1.8584e-03 4.0824e+01 1.7053e-13
   288 1.4127e-03 3.3820e+01    1.1205e-03 4.2637e+01 9.9476e-14
   240 8.0316e-04 3.4424e+01    7.5702e-04 3.6522e+01 5.6843e-14
   192 4.4992e-04 3.1463e+01    5.3137e-04 2.6640e+01 2.8422e-14
   144 2.0805e-04 2.8705e+01    2.2477e-04 2.6569e+01 2.8422e-14
    96 7.2667e-05 2.4350e+01    7.3213e-05 2.4169e+01 1.0658e-14
    48 1.5506e-05 1.4264e+01    1.2607e-05 1.7545e+01 7.1054e-15
];

% Maximum difference between reference and your implementation: 6.139089e-12.
