your_version = 'Parallel\_Loop3l';
 
% number of repeats:% 3
% enter first, last, inc:% 48 2976 48 
data = [
%  n          reference      |         current implementation 
%        time       GFLOPS   |    time       GFLOPS     diff 
  2976 1.3825e+00 3.8129e+01    3.0484e-01 1.7293e+02 5.7980e-12
  2928 1.3269e+00 3.7837e+01    2.9341e-01 1.7111e+02 5.9117e-12
  2880 1.2594e+00 3.7936e+01    2.8294e-01 1.6885e+02 6.1391e-12
  2832 1.2053e+00 3.7689e+01    2.7289e-01 1.6647e+02 5.6843e-12
  2784 1.1357e+00 3.8001e+01    2.5976e-01 1.6613e+02 6.0254e-12
  2736 1.0865e+00 3.7701e+01    2.5109e-01 1.6314e+02 5.3433e-12
  2688 1.0264e+00 3.7843e+01    2.3619e-01 1.6446e+02 5.3433e-12
  2640 9.7854e-01 3.7606e+01    2.2693e-01 1.6216e+02 5.2296e-12
  2592 9.2651e-01 3.7591e+01    2.2175e-01 1.5706e+02 5.9117e-12
  2544 8.6555e-01 3.8044e+01    2.1235e-01 1.5507e+02 5.1159e-12
  2496 8.1810e-01 3.8015e+01    2.0485e-01 1.5182e+02 5.3433e-12
  2448 7.7710e-01 3.7756e+01    1.9735e-01 1.4867e+02 4.7748e-12
  2400 7.3270e-01 3.7734e+01    1.8953e-01 1.4588e+02 4.4338e-12
  2352 6.9295e-01 3.7553e+01    1.8126e-01 1.4356e+02 4.4338e-12
  2304 6.5057e-01 3.7600e+01    1.7474e-01 1.3999e+02 4.0927e-12
  2256 6.0848e-01 3.7740e+01    1.6617e-01 1.3820e+02 4.0927e-12
  2208 5.7051e-01 3.7737e+01    1.5662e-01 1.3746e+02 4.0927e-12
  2160 5.3819e-01 3.7450e+01    1.5439e-01 1.3055e+02 3.7517e-12
  2112 5.0414e-01 3.7373e+01    1.4748e-01 1.2776e+02 3.5243e-12
  2064 4.8694e-01 3.6115e+01    1.4198e-01 1.2386e+02 3.0695e-12
  2016 4.3749e-01 3.7457e+01    1.3299e-01 1.2322e+02 2.9559e-12
  1968 4.0823e-01 3.7342e+01    1.1923e-01 1.2785e+02 2.7285e-12
  1920 3.7603e-01 3.7646e+01    1.1177e-01 1.2665e+02 2.7285e-12
  1872 3.4934e-01 3.7558e+01    1.0584e-01 1.2397e+02 2.8990e-12
  1824 3.2464e-01 3.7385e+01    1.0166e-01 1.1938e+02 2.6148e-12
  1776 2.9725e-01 3.7691e+01    9.3586e-02 1.1971e+02 2.6148e-12
  1728 2.7311e-01 3.7785e+01    8.7983e-02 1.1729e+02 2.6148e-12
  1680 2.5200e-01 3.7632e+01    8.3877e-02 1.1306e+02 2.3874e-12
  1632 2.3170e-01 3.7521e+01    7.8587e-02 1.1062e+02 2.1600e-12
  1584 2.1236e-01 3.7429e+01    6.8791e-02 1.1555e+02 2.2169e-12
  1536 1.9507e-01 3.7155e+01    5.3898e-02 1.3447e+02 2.1600e-12
  1488 1.7458e-01 3.7743e+01    4.5730e-02 1.4409e+02 2.1600e-12
  1440 1.5974e-01 3.7385e+01    4.3574e-02 1.3705e+02 2.1032e-12
  1392 1.4539e-01 3.7103e+01    4.0270e-02 1.3396e+02 2.0464e-12
  1344 1.3037e-01 3.7244e+01    4.0804e-02 1.1899e+02 1.8758e-12
  1296 1.2629e-01 3.4473e+01    3.9284e-02 1.1082e+02 1.7621e-12
  1248 1.0382e-01 3.7444e+01    3.5729e-02 1.0881e+02 1.5916e-12
  1200 9.2605e-02 3.7320e+01    3.3539e-02 1.0305e+02 1.4779e-12
  1152 8.2436e-02 3.7091e+01    2.7421e-02 1.1151e+02 1.4779e-12
  1104 7.7698e-02 3.4636e+01    2.9773e-02 9.0389e+01 1.2506e-12
  1056 6.8134e-02 3.4567e+01    2.8567e-02 8.2443e+01 1.1369e-12
  1008 5.8951e-02 3.4747e+01    2.6227e-02 7.8104e+01 1.0232e-12
   960 4.7683e-02 3.7109e+01    2.4675e-02 7.1712e+01 1.0232e-12
   912 4.1141e-02 3.6876e+01    2.2138e-02 6.8530e+01 8.5265e-13
   864 3.4607e-02 3.7274e+01    2.0581e-02 6.2677e+01 8.8107e-13
   816 2.9355e-02 3.7019e+01    2.4339e-02 4.4648e+01 8.2423e-13
   768 2.4283e-02 3.7309e+01    1.7223e-02 5.2603e+01 7.9581e-13
   720 1.9926e-02 3.7464e+01    1.6561e-02 4.5076e+01 6.8212e-13
   672 1.6366e-02 3.7084e+01    1.5070e-02 4.0273e+01 6.5370e-13
   624 1.3196e-02 3.6825e+01    1.3705e-02 3.5457e+01 5.4001e-13
   576 1.0488e-02 3.6443e+01    1.2547e-02 3.0463e+01 4.8317e-13
   528 8.1519e-03 3.6114e+01    1.1557e-02 2.5474e+01 4.2633e-13
   480 5.9932e-03 3.6906e+01    6.5302e-03 3.3871e+01 3.2685e-13
   432 4.4230e-03 3.6456e+01    4.9628e-03 3.2490e+01 2.8422e-13
   384 3.2047e-03 3.5337e+01    3.7538e-03 3.0168e+01 2.1316e-13
   336 2.1752e-03 3.4877e+01    2.7262e-03 2.7828e+01 1.7053e-13
   288 1.4094e-03 3.3899e+01    1.8269e-03 2.6151e+01 9.9476e-14
   240 8.0371e-04 3.4401e+01    1.0681e-03 2.5884e+01 5.6843e-14
   192 4.2553e-04 3.3266e+01    7.1228e-04 1.9874e+01 2.8422e-14
   144 3.1706e-04 1.8835e+01    3.2385e-04 1.8440e+01 2.8422e-14
    96 1.0776e-04 1.6420e+01    1.0266e-04 1.7236e+01 1.0658e-14
    48 2.2933e-05 9.6448e+00    2.0153e-05 1.0975e+01 7.1054e-15
];

% Maximum difference between reference and your implementation: 6.139089e-12.
