your_version = 'Parallel\_Loop3';
 
% number of repeats:% 3
% enter first, last, inc:

% number of threads = 4

% 48 2976 48 
data = [
%  n          reference      |         current implementation 
%        time       GFLOPS   |    time       GFLOPS     diff 
  2976 1.3726e+00 3.8405e+01    6.3914e-01 8.2478e+01 5.7980e-12
  2928 1.3092e+00 3.8348e+01    6.0873e-01 8.2475e+01 5.9117e-12
  2880 1.2515e+00 3.8175e+01    4.8583e-01 9.8339e+01 6.1391e-12
  2832 1.2000e+00 3.7855e+01    4.6922e-01 9.6814e+01 5.6843e-12
  2784 1.1250e+00 3.8362e+01    4.5363e-01 9.5133e+01 6.0254e-12
  2736 1.0836e+00 3.7803e+01    4.4198e-01 9.2678e+01 5.3433e-12
  2688 1.0135e+00 3.8326e+01    4.2042e-01 9.2392e+01 5.3433e-12
  2640 9.6220e-01 3.8245e+01    4.0861e-01 9.0061e+01 5.2296e-12
  2592 9.1653e-01 3.8000e+01    3.9423e-01 8.8346e+01 5.9117e-12
  2544 8.6069e-01 3.8259e+01    3.7781e-01 8.7158e+01 5.1159e-12
  2496 8.1437e-01 3.8189e+01    3.6195e-01 8.5925e+01 5.3433e-12
  2448 7.7200e-01 3.8006e+01    3.5013e-01 8.3798e+01 4.7748e-12
  2400 7.2935e-01 3.7908e+01    3.3686e-01 8.2076e+01 4.4338e-12
  2352 6.8687e-01 3.7885e+01    3.2298e-01 8.0568e+01 4.4338e-12
  2304 6.4544e-01 3.7899e+01    3.0801e-01 7.9418e+01 4.0927e-12
  2256 6.0182e-01 3.8157e+01    2.9666e-01 7.7410e+01 4.0927e-12
  2208 5.6762e-01 3.7929e+01    2.8254e-01 7.6198e+01 4.0927e-12
  2160 5.3297e-01 3.7817e+01    2.0784e-01 9.6978e+01 3.7517e-12
  2112 4.9645e-01 3.7952e+01    1.9811e-01 9.5103e+01 3.5243e-12
  2064 4.7217e-01 3.7244e+01    1.9075e-01 9.2194e+01 3.0695e-12
  2016 4.3325e-01 3.7824e+01    1.7889e-01 9.1605e+01 2.9559e-12
  1968 4.0115e-01 3.8001e+01    1.5639e-01 9.7474e+01 2.7285e-12
  1920 3.7269e-01 3.7982e+01    1.3232e-01 1.0698e+02 2.7285e-12
  1872 3.4431e-01 3.8106e+01    1.2880e-01 1.0186e+02 2.8990e-12
  1824 3.2253e-01 3.7630e+01    1.2189e-01 9.9570e+01 2.6148e-12
  1776 2.9437e-01 3.8060e+01    1.1599e-01 9.6594e+01 2.6148e-12
  1728 2.7083e-01 3.8104e+01    1.0967e-01 9.4096e+01 2.6148e-12
  1680 2.4897e-01 3.8090e+01    1.0831e-01 8.7560e+01 2.3874e-12
  1632 2.2963e-01 3.7858e+01    9.8642e-02 8.8131e+01 2.1600e-12
  1584 2.1053e-01 3.7756e+01    9.2497e-02 8.5934e+01 2.2169e-12
  1536 1.9364e-01 3.7428e+01    8.6232e-02 8.4049e+01 2.1600e-12
  1488 1.7249e-01 3.8200e+01    8.1598e-02 8.0754e+01 2.1600e-12
  1440 1.5765e-01 3.7881e+01    5.3118e-02 1.1243e+02 2.1032e-12
  1392 1.4354e-01 3.7583e+01    4.9875e-02 1.0816e+02 2.0464e-12
  1344 1.2880e-01 3.7697e+01    4.7044e-02 1.0321e+02 1.8758e-12
  1296 1.2015e-01 3.6234e+01    4.4632e-02 9.7544e+01 1.7621e-12
  1248 1.0465e-01 3.7146e+01    4.2584e-02 9.1290e+01 1.5916e-12
  1200 9.4905e-02 3.6415e+01    4.1879e-02 8.2523e+01 1.4779e-12
  1152 8.1463e-02 3.7534e+01    3.7711e-02 8.1082e+01 1.4779e-12
  1104 7.5033e-02 3.5866e+01    3.6636e-02 7.3455e+01 1.2506e-12
  1056 6.5264e-02 3.6087e+01    3.4964e-02 6.7359e+01 1.1369e-12
  1008 5.6321e-02 3.6370e+01    3.2077e-02 6.3859e+01 1.0232e-12
   960 4.8747e-02 3.6299e+01    3.0356e-02 5.8291e+01 1.0232e-12
   912 4.2083e-02 3.6051e+01    2.7816e-02 5.4541e+01 8.5265e-13
   864 3.4431e-02 3.7464e+01    2.1628e-02 5.9643e+01 8.8107e-13
   816 2.9017e-02 3.7450e+01    1.9374e-02 5.6090e+01 8.2423e-13
   768 2.4020e-02 3.7718e+01    1.4004e-02 6.4695e+01 7.9581e-13
   720 1.9687e-02 3.7918e+01    1.1359e-02 6.5717e+01 6.8212e-13
   672 1.6104e-02 3.7689e+01    9.9459e-03 6.1023e+01 6.5370e-13
   624 1.3028e-02 3.7301e+01    9.0494e-03 5.3699e+01 5.4001e-13
   576 1.0300e-02 3.7108e+01    7.8130e-03 4.8919e+01 4.8317e-13
   528 8.0310e-03 3.6657e+01    6.6654e-03 4.4168e+01 4.2633e-13
   480 5.9310e-03 3.7293e+01    5.0557e-03 4.3749e+01 3.2685e-13
   432 4.3643e-03 3.6946e+01    3.6630e-03 4.4019e+01 2.8422e-13
   384 3.1497e-03 3.5955e+01    2.9676e-03 3.8161e+01 2.1316e-13
   336 2.1412e-03 3.5431e+01    2.3468e-03 3.2327e+01 1.7053e-13
   288 1.3862e-03 3.4464e+01    1.1748e-03 4.0666e+01 9.9476e-14
   240 7.8935e-04 3.5026e+01    7.4642e-04 3.7041e+01 5.6843e-14
   192 4.4912e-04 3.1519e+01    4.8447e-04 2.9219e+01 2.8422e-14
   144 2.0657e-04 2.8910e+01    2.2157e-04 2.6953e+01 2.8422e-14
    96 7.1592e-05 2.4716e+01    7.0801e-05 2.4992e+01 1.0658e-14
    48 1.5184e-05 1.4567e+01    1.2485e-05 1.7716e+01 7.1054e-15
];

% Maximum difference between reference and your implementation: 6.139089e-12.
