your_version = 'Parallel\_Loop3';
 
% number of repeats:% 3
% enter first, last, inc:

% number of threads = 8

% 48 2976 48 
data = [
%  n          reference      |         current implementation 
%        time       GFLOPS   |    time       GFLOPS     diff 
  2976 1.4134e+00 3.7296e+01    4.0864e-01 1.2900e+02 5.7980e-12
  2928 1.3541e+00 3.7077e+01    3.9382e-01 1.2748e+02 5.9117e-12
  2880 1.2870e+00 3.7123e+01    2.7846e-01 1.7157e+02 6.1391e-12
  2832 1.2408e+00 3.6609e+01    2.6922e-01 1.6873e+02 5.6843e-12
  2784 1.1647e+00 3.7053e+01    2.5965e-01 1.6621e+02 6.0254e-12
  2736 1.1110e+00 3.6868e+01    2.5283e-01 1.6201e+02 5.3433e-12
  2688 1.0504e+00 3.6979e+01    2.4011e-01 1.6177e+02 5.3433e-12
  2640 1.0039e+00 3.6658e+01    2.3250e-01 1.5828e+02 5.2296e-12
  2592 9.4675e-01 3.6788e+01    2.2412e-01 1.5540e+02 5.9117e-12
  2544 8.8825e-01 3.7072e+01    2.1496e-01 1.5319e+02 5.1159e-12
  2496 8.3967e-01 3.7039e+01    2.0825e-01 1.4934e+02 5.3433e-12
  2448 7.9653e-01 3.6835e+01    1.9963e-01 1.4697e+02 4.7748e-12
  2400 7.5000e-01 3.6864e+01    1.9201e-01 1.4399e+02 4.4338e-12
  2352 7.1231e-01 3.6532e+01    1.8412e-01 1.4133e+02 4.4338e-12
  2304 6.6433e-01 3.6821e+01    1.7833e-01 1.3717e+02 4.0927e-12
  2256 6.2476e-01 3.6756e+01    1.6943e-01 1.3554e+02 4.0927e-12
  2208 5.8454e-01 3.6831e+01    1.6311e-01 1.3199e+02 4.0927e-12
  2160 5.5012e-01 3.6638e+01    1.5159e-01 1.3296e+02 3.7517e-12
  2112 5.1588e-01 3.6523e+01    1.4371e-01 1.3111e+02 3.5243e-12
  2064 4.9317e-01 3.5658e+01    1.3835e-01 1.2711e+02 3.0695e-12
  2016 4.5194e-01 3.6259e+01    1.2906e-01 1.2697e+02 2.9559e-12
  1968 4.1720e-01 3.6540e+01    1.2062e-01 1.2638e+02 2.7285e-12
  1920 3.8390e-01 3.6874e+01    9.3620e-02 1.5120e+02 2.7285e-12
  1872 3.5728e-01 3.6723e+01    9.2217e-02 1.4228e+02 2.8990e-12
  1824 3.3136e-01 3.6627e+01    8.4512e-02 1.4361e+02 2.6148e-12
  1776 3.0294e-01 3.6983e+01    8.8275e-02 1.2692e+02 2.6148e-12
  1728 2.8701e-01 3.5955e+01    7.7118e-02 1.3381e+02 2.6148e-12
  1680 2.5735e-01 3.6850e+01    8.1487e-02 1.1638e+02 2.3874e-12
  1632 2.3577e-01 3.6873e+01    6.9312e-02 1.2542e+02 2.1600e-12
  1584 2.1638e-01 3.6736e+01    7.3994e-02 1.0742e+02 2.2169e-12
  1536 1.9876e-01 3.6464e+01    5.8707e-02 1.2346e+02 2.1600e-12
  1488 1.7842e-01 3.6932e+01    6.4498e-02 1.0216e+02 2.1600e-12
  1440 1.7489e-01 3.4147e+01    3.4501e-02 1.7310e+02 2.1032e-12
  1392 1.4819e-01 3.6402e+01    3.5352e-02 1.5259e+02 2.0464e-12
  1344 1.3346e-01 3.6382e+01    3.2181e-02 1.5088e+02 1.8758e-12
  1296 1.2054e-01 3.6118e+01    3.2461e-02 1.3412e+02 1.7621e-12
  1248 1.0549e-01 3.6853e+01    2.8101e-02 1.3834e+02 1.5916e-12
  1200 9.4288e-02 3.6654e+01    2.8023e-02 1.2333e+02 1.4779e-12
  1152 8.3763e-02 3.6503e+01    2.4774e-02 1.2342e+02 1.4779e-12
  1104 7.3930e-02 3.6401e+01    2.4741e-02 1.0877e+02 1.2506e-12
  1056 6.4940e-02 3.6267e+01    2.2836e-02 1.0313e+02 1.1369e-12
  1008 5.5984e-02 3.6589e+01    2.1330e-02 9.6031e+01 1.0232e-12
   960 4.8462e-02 3.6513e+01    1.8482e-02 9.5741e+01 1.0232e-12
   912 4.1695e-02 3.6386e+01    1.7389e-02 8.7243e+01 8.5265e-13
   864 3.5198e-02 3.6648e+01    1.7854e-02 7.2248e+01 8.8107e-13
   816 2.9856e-02 3.6398e+01    1.5903e-02 6.8332e+01 8.2423e-13
   768 2.4646e-02 3.6760e+01    1.2512e-02 7.2410e+01 7.9581e-13
   720 2.0251e-02 3.6862e+01    1.1539e-02 6.4695e+01 6.8212e-13
   672 1.6690e-02 3.6366e+01    1.0281e-02 5.9032e+01 6.5370e-13
   624 1.3418e-02 3.6215e+01    9.2426e-03 5.2576e+01 5.4001e-13
   576 1.0625e-02 3.5972e+01    7.9069e-03 4.8339e+01 4.8317e-13
   528 8.2909e-03 3.5508e+01    6.8659e-03 4.2878e+01 4.2633e-13
   480 6.1232e-03 3.6122e+01    5.7509e-03 3.8461e+01 3.2685e-13
   432 4.5132e-03 3.5727e+01    4.3090e-03 3.7420e+01 2.8422e-13
   384 3.2244e-03 3.5121e+01    3.0797e-03 3.6772e+01 2.1316e-13
   336 2.2045e-03 3.4415e+01    2.0995e-03 3.6135e+01 1.7053e-13
   288 1.4320e-03 3.3363e+01    1.1522e-03 4.1463e+01 9.9476e-14
   240 8.2006e-04 3.3715e+01    7.6071e-04 3.6345e+01 5.6843e-14
   192 4.6541e-04 3.0416e+01    4.9161e-04 2.8795e+01 2.8422e-14
   144 2.1080e-04 2.8331e+01    2.2572e-04 2.6457e+01 2.8422e-14
    96 7.2428e-05 2.4431e+01    7.2887e-05 2.4277e+01 1.0658e-14
    48 1.5639e-05 1.4143e+01    1.3319e-05 1.6607e+01 7.1054e-15
];

% Maximum difference between reference and your implementation: 6.139089e-12.
