your_version = 'PIJ';
 
% number of repeats:% 3
% enter first, last, inc:% 48 960 48 
data = [
%  n          reference      |         current implementation 
%        time       GFLOPS   |    time       GFLOPS     diff 
   960 4.8206e-02 3.6707e+01    4.0408e+00 4.3790e-01 9.3792e-13
   912 4.2846e-02 3.5408e+01    2.1761e+00 6.9718e-01 1.1084e-12
   864 3.6338e-02 3.5499e+01    2.1301e+00 6.0557e-01 8.8107e-13
   816 2.9906e-02 3.6337e+01    1.5440e+00 7.0380e-01 7.9581e-13
   768 2.4518e-02 3.6951e+01    2.9541e+00 3.0668e-01 7.3896e-13
   720 2.0078e-02 3.7180e+01    1.0559e+00 7.0699e-01 7.1054e-13
   672 1.6350e-02 3.7121e+01    9.4613e-01 6.4149e-01 6.5370e-13
   624 1.3591e-02 3.5755e+01    6.8654e-01 7.0782e-01 5.4001e-13
   576 1.0564e-02 3.6181e+01    1.8313e+00 2.0871e-01 5.4001e-13
   528 8.2388e-03 3.5733e+01    1.0587e+00 2.7806e-01 4.5475e-13
   480 6.0413e-03 3.6612e+01    3.2119e-01 6.8863e-01 3.4106e-13
   432 4.4582e-03 3.6168e+01    2.2760e-01 7.0845e-01 2.8422e-13
   384 3.3167e-03 3.4145e+01    3.0395e-01 3.7258e-01 2.2737e-13
   336 2.1870e-03 3.4690e+01    1.0711e-01 7.0830e-01 1.7053e-13
   288 1.4198e-03 3.3650e+01    6.7481e-02 7.0799e-01 1.1369e-13
   240 8.1477e-04 3.3934e+01    2.8563e-02 9.6795e-01 4.2633e-14
   192 4.3039e-04 3.2891e+01    1.9777e-02 7.1577e-01 3.5527e-14
   144 1.9595e-04 3.0476e+01    4.0454e-03 1.4762e+00 2.8422e-14
    96 6.6888e-05 2.6454e+01    1.1992e-03 1.4756e+00 1.4211e-14
    48 1.3766e-05 1.6067e+01    1.0197e-04 2.1690e+00 5.3291e-15
];

% Maximum difference between reference and your implementation: 1.108447e-12.
