your_version = 'IPJ';
 
% number of repeats:% 3
% enter first, last, inc:% 48 960 48 
data = [
%  n          reference      |         current implementation 
%        time       GFLOPS   |    time       GFLOPS     diff 
   960 4.7884e-02 3.6953e+01    4.1507e+00 4.2631e-01 9.3792e-13
   912 4.2508e-02 3.5690e+01    2.1231e+00 7.1458e-01 1.1084e-12
   864 3.6038e-02 3.5794e+01    2.1295e+00 6.0574e-01 8.8107e-13
   816 2.9610e-02 3.6700e+01    1.5313e+00 7.0966e-01 7.9581e-13
   768 2.4289e-02 3.7299e+01    3.0148e+00 3.0051e-01 7.3896e-13
   720 2.0421e-02 3.6555e+01    1.0455e+00 7.1402e-01 7.1054e-13
   672 1.6339e-02 3.7146e+01    1.3356e+00 4.5443e-01 6.5370e-13
   624 1.3483e-02 3.6040e+01    6.8001e-01 7.1461e-01 5.4001e-13
   576 1.0479e-02 3.6474e+01    7.2886e-01 5.2439e-01 5.4001e-13
   528 8.1665e-03 3.6049e+01    4.1126e-01 7.1584e-01 4.5475e-13
   480 6.0238e-03 3.6718e+01    3.1450e-01 7.0330e-01 3.4106e-13
   432 4.4347e-03 3.6360e+01    2.2534e-01 7.1555e-01 2.8422e-13
   384 3.1949e-03 3.5446e+01    3.0337e-01 3.7330e-01 2.2737e-13
   336 2.1713e-03 3.4941e+01    1.0611e-01 7.1501e-01 1.7053e-13
   288 1.4117e-03 3.3843e+01    6.6586e-02 7.1750e-01 1.1369e-13
   240 8.0801e-04 3.4217e+01    2.8076e-02 9.8475e-01 4.2633e-14
   192 4.2994e-04 3.2925e+01    1.9602e-02 7.2216e-01 3.5527e-14
   144 1.9641e-04 3.0406e+01    3.7958e-03 1.5733e+00 2.8422e-14
    96 6.7518e-05 2.6207e+01    1.1931e-03 1.4830e+00 1.4211e-14
    48 1.3805e-05 1.6022e+01    1.2371e-04 1.7880e+00 5.3291e-15
];

% Maximum difference between reference and your implementation: 1.108447e-12.
