your_version = 'PJI';
 
% number of repeats:% 3
% enter first, last, inc:% 48 960 48 
data = [
%  n          reference      |         current implementation 
%        time       GFLOPS   |    time       GFLOPS     diff 
   960 4.7465e-02 3.7280e+01    3.8335e-01 4.6158e+00 9.3792e-13
   912 4.3865e-02 3.4585e+01    3.3047e-01 4.5908e+00 1.1084e-12
   864 3.4840e-02 3.7025e+01    2.7949e-01 4.6153e+00 8.8107e-13
   816 3.0502e-02 3.5627e+01    2.3621e-01 4.6005e+00 7.9581e-13
   768 2.4300e-02 3.7282e+01    1.9864e-01 4.5609e+00 7.3896e-13
   720 1.9942e-02 3.7433e+01    1.6305e-01 4.5782e+00 7.1054e-13
   672 1.6340e-02 3.7144e+01    1.3307e-01 4.5609e+00 6.5370e-13
   624 1.3183e-02 3.6862e+01    1.0694e-01 4.5440e+00 5.4001e-13
   576 1.0460e-02 3.6541e+01    8.4899e-02 4.5019e+00 5.4001e-13
   528 8.1537e-03 3.6106e+01    6.5714e-02 4.4800e+00 4.5475e-13
   480 6.0023e-03 3.6850e+01    4.9778e-02 4.4434e+00 3.4106e-13
   432 4.4321e-03 3.6381e+01    3.6516e-02 4.4157e+00 2.8422e-13
   384 3.1972e-03 3.5421e+01    2.5921e-02 4.3689e+00 2.2737e-13
   336 2.1782e-03 3.4830e+01    1.7457e-02 4.3460e+00 1.7053e-13
   288 1.4085e-03 3.3919e+01    1.1157e-02 4.2821e+00 1.1369e-13
   240 8.0180e-04 3.4482e+01    6.2729e-03 4.4075e+00 4.2633e-14
   192 4.2711e-04 3.3143e+01    3.0940e-03 4.5752e+00 3.5527e-14
   144 1.9672e-04 3.0358e+01    9.9263e-04 6.0163e+00 2.8422e-14
    96 6.7314e-05 2.6287e+01    3.1394e-04 5.6364e+00 1.4211e-14
    48 1.3845e-05 1.5976e+01    5.0135e-05 4.4118e+00 5.3291e-15
];

% Maximum difference between reference and your implementation: 1.108447e-12.
