your_version = 'IJP';
 
% number of repeats:% 3
% enter first, last, inc:% 48 960 48 
data = [
%  n          reference      |         current implementation 
%        time       GFLOPS   |    time       GFLOPS     diff 
   960 5.1848e-02 3.4128e+01    2.0021e+00 8.8379e-01 9.3792e-13
   912 4.1038e-02 3.6969e+01    7.8257e-01 1.9386e+00 1.1084e-12
   864 3.4832e-02 3.7033e+01    9.3385e-01 1.3813e+00 8.8107e-13
   816 2.9391e-02 3.6973e+01    5.6604e-01 1.9198e+00 7.9581e-13
   768 2.4702e-02 3.6676e+01    1.0417e+00 8.6973e-01 7.3896e-13
   720 1.9875e-02 3.7560e+01    3.9879e-01 1.8719e+00 7.1054e-13
   672 1.6243e-02 3.7366e+01    4.4739e-01 1.3566e+00 6.5370e-13
   624 1.3117e-02 3.7046e+01    2.8027e-01 1.7338e+00 5.4001e-13
   576 1.0371e-02 3.6853e+01    3.5456e-01 1.0780e+00 5.4001e-13
   528 8.1039e-03 3.6328e+01    1.6071e-01 1.8318e+00 4.5475e-13
   480 5.9737e-03 3.7026e+01    1.2397e-01 1.7841e+00 3.4106e-13
   432 4.4106e-03 3.6558e+01    8.6339e-02 1.8676e+00 2.8422e-13
   384 3.1729e-03 3.5692e+01    1.3053e-01 8.6756e-01 2.2737e-13
   336 2.1661e-03 3.5025e+01    4.0051e-02 1.8942e+00 1.7053e-13
   288 1.4029e-03 3.4055e+01    2.5699e-02 1.8591e+00 1.1369e-13
   240 7.9544e-04 3.4758e+01    1.4098e-02 1.9612e+00 4.2633e-14
   192 4.2319e-04 3.3450e+01    7.5563e-03 1.8734e+00 3.5527e-14
   144 1.9453e-04 3.0700e+01    2.9202e-03 2.0451e+00 2.8422e-14
    96 6.7309e-05 2.6289e+01    8.8557e-04 1.9981e+00 1.4211e-14
    48 1.3888e-05 1.5926e+01    1.1061e-04 1.9996e+00 5.3291e-15
];

% Maximum difference between reference and your implementation: 1.108447e-12.
