your_version = 'JPI';
 
% number of repeats:% 3
% enter first, last, inc:% 48 960 48 
data = [
%  n          reference      |         current implementation 
%        time       GFLOPS   |    time       GFLOPS     diff 
   960 4.7938e-02 3.6912e+01    2.9036e-01 6.0940e+00 9.3792e-13
   912 4.1344e-02 3.6694e+01    2.4958e-01 6.0785e+00 1.1084e-12
   864 3.5031e-02 3.6822e+01    2.1271e-01 6.0643e+00 8.8107e-13
   816 2.9622e-02 3.6685e+01    1.7990e-01 6.0404e+00 7.9581e-13
   768 2.4296e-02 3.7290e+01    1.5369e-01 5.8948e+00 7.3896e-13
   720 2.0010e-02 3.7306e+01    1.2281e-01 6.0786e+00 7.1054e-13
   672 1.6381e-02 3.7051e+01    1.0006e-01 6.0655e+00 6.5370e-13
   624 1.3218e-02 3.6763e+01    8.0097e-02 6.0669e+00 5.4001e-13
   576 1.0495e-02 3.6417e+01    6.3735e-02 5.9968e+00 5.4001e-13
   528 8.2064e-03 3.5874e+01    4.9235e-02 5.9794e+00 4.5475e-13
   480 6.0283e-03 3.6691e+01    3.7285e-02 5.9322e+00 3.4106e-13
   432 4.4385e-03 3.6329e+01    2.7305e-02 5.9054e+00 2.8422e-13
   384 3.2020e-03 3.5367e+01    1.9685e-02 5.7529e+00 2.2737e-13
   336 2.1833e-03 3.4749e+01    1.3239e-02 5.7306e+00 1.7053e-13
   288 1.4213e-03 3.3614e+01    8.3850e-03 5.6978e+00 1.1369e-13
   240 8.1250e-04 3.4028e+01    5.1264e-03 5.3933e+00 4.2633e-14
   192 4.2964e-04 3.2948e+01    2.5582e-03 5.5336e+00 3.5527e-14
   144 1.9644e-04 3.0401e+01    9.3391e-04 6.3946e+00 2.8422e-14
    96 6.7391e-05 2.6257e+01    2.9761e-04 5.9455e+00 1.4211e-14
    48 1.3745e-05 1.6092e+01    4.2984e-05 5.1457e+00 5.3291e-15
];

% Maximum difference between reference and your implementation: 1.108447e-12.
