your_version = 'JIP';
 
% number of repeats:% 3
% enter first, last, inc:% 48 960 48 
data = [
%  n          reference      |         current implementation 
%        time       GFLOPS   |    time       GFLOPS     diff 
   960 4.7827e-02 3.6997e+01    1.9036e+00 9.2954e-01 9.3792e-13
   912 4.1759e-02 3.6330e+01    9.2979e-01 1.6317e+00 1.1084e-12
   864 3.5010e-02 3.6845e+01    9.3342e-01 1.3820e+00 8.8107e-13
   816 2.9761e-02 3.6513e+01    6.7193e-01 1.6173e+00 7.9581e-13
   768 2.4400e-02 3.7130e+01    9.6863e-01 9.3531e-01 7.3896e-13
   720 2.0065e-02 3.7205e+01    4.4338e-01 1.6837e+00 7.1054e-13
   672 1.6448e-02 3.6899e+01    4.6059e-01 1.3177e+00 6.5370e-13
   624 1.3268e-02 3.6624e+01    3.1260e-01 1.5545e+00 5.4001e-13
   576 1.0552e-02 3.6223e+01    3.5398e-01 1.0797e+00 5.4001e-13
   528 8.2074e-03 3.5869e+01    1.9428e-01 1.5153e+00 4.5475e-13
   480 6.0334e-03 3.6660e+01    1.4966e-01 1.4779e+00 3.4106e-13
   432 4.4568e-03 3.6179e+01    9.7591e-02 1.6522e+00 2.8422e-13
   384 3.2171e-03 3.5201e+01    1.1603e-01 9.7597e-01 2.2737e-13
   336 2.1929e-03 3.4596e+01    4.5738e-02 1.6587e+00 1.7053e-13
   288 1.4202e-03 3.3641e+01    2.8732e-02 1.6628e+00 1.1369e-13
   240 8.3953e-04 3.2933e+01    1.5882e-02 1.7408e+00 4.2633e-14
   192 4.2902e-04 3.2995e+01    7.8479e-03 1.8038e+00 3.5527e-14
   144 1.9654e-04 3.0386e+01    2.9851e-03 2.0006e+00 2.8422e-14
    96 6.7850e-05 2.6079e+01    8.8653e-04 1.9960e+00 1.4211e-14
    48 1.4006e-05 1.5792e+01    1.1094e-04 1.9936e+00 5.3291e-15
];

% Maximum difference between reference and your implementation: 1.108447e-12.
